115
(1, 0, 135)
(2, 1, 4782)
(3, 2, 3173)
(3, 0, 3506)
(4, 1, 6234)
(4, 3, 215)
(4, 0, 5336)
(5, 2, 2325)
(6, 1, 622)
(7, 2, 4658)
(7, 6, 1437)
(7, 3, 2875)
(7, 1, 2409)
(7, 4, 3973)
(7, 5, 1879)
(7, 0, 2036)
(8, 1, 1676)
(9, 5, 615)
(9, 6, 6311)
(9, 1, 5148)
(9, 0, 3642)
(10, 0, 4525)
(10, 6, 4635)
(10, 2, 5263)
(10, 4, 423)
(10, 9, 5305)
(10, 8, 4655)
(10, 7, 862)
(10, 1, 5221)
(10, 5, 6431)
(10, 3, 1345)
(11, 4, 5016)
(11, 6, 4922)
(11, 9, 2880)
(11, 2, 3076)
(11, 3, 5753)
(11, 1, 5755)
(11, 5, 6174)
(11, 10, 5000)
(12, 8, 5799)
(12, 11, 4247)
(12, 7, 2069)
(12, 6, 4388)
(12, 4, 5260)
(12, 2, 5879)
(12, 0, 3356)
(13, 5, 2645)
(13, 7, 4208)
(13, 0, 4323)
(13, 6, 6403)
(13, 10, 3917)
(13, 12, 861)
(13, 8, 893)
(14, 9, 3674)
(14, 4, 1103)
(14, 10, 2333)
(14, 13, 5466)
(14, 12, 2299)
(14, 0, 6478)
(14, 11, 5084)
(14, 6, 5311)
(14, 7, 4628)
(14, 3, 356)
(14, 1, 714)
(15, 8, 2073)
(15, 9, 551)
(15, 11, 3591)
(15, 12, 2259)
(16, 1, 2647)
(16, 3, 878)
(16, 5, 2942)
(16, 10, 4955)
(16, 15, 195)
(16, 11, 5729)
(16, 12, 842)
(16, 2, 1132)
(16, 7, 2638)
(16, 6, 188)
(16, 13, 1974)
(16, 4, 6007)
(16, 14, 3228)
(16, 8, 4457)
(17, 9, 315)
(18, 12, 3183)
(18, 9, 5439)
(18, 11, 5573)
(18, 8, 2097)
(18, 15, 3128)
(18, 7, 4101)
(18, 4, 3950)
(18, 1, 1481)
(18, 14, 6035)
(19, 12, 5477)
(19, 0, 2431)
(19, 5, 6578)
(19, 4, 3277)
(19, 16, 4778)
(19, 15, 5700)
(19, 18, 5426)
(19, 2, 89)
(19, 13, 2780)
(19, 11, 5131)
(19, 1, 6392)
(19, 14, 4184)
(19, 10, 4267)
(19, 9, 4601)
(19, 8, 2131)
(19, 3, 346)
(19, 17, 1273)
(20, 2, 1386)
(20, 6, 575)
(20, 16, 2546)
(20, 11, 4130)
(20, 5, 5382)
(20, 3, 5224)
(20, 0, 5425)
(20, 1, 559)
(20, 14, 1857)
(20, 8, 1362)
(21, 20, 6249)
(21, 12, 4389)
(21, 10, 2025)
(21, 4, 1915)
(21, 18, 935)
(21, 3, 5021)
(21, 6, 5385)
(21, 11, 2317)
(21, 0, 5852)
(22, 0, 6194)
(22, 4, 3743)
(22, 10, 3346)
(22, 15, 804)
(23, 5, 3869)
(23, 12, 5967)
(23, 7, 5912)
(23, 19, 3258)
(23, 1, 5779)
(23, 17, 4477)
(23, 16, 470)
(23, 8, 2916)
(23, 11, 5351)
(23, 6, 6296)
(23, 14, 4151)
(24, 2, 4932)
(24, 21, 4739)
(24, 12, 3719)
(24, 10, 4866)
(24, 22, 5024)
(24, 13, 6226)
(24, 14, 2446)
(24, 18, 1002)
(24, 16, 60)
(24, 3, 5891)
(24, 23, 5418)
(24, 11, 4009)
(24, 0, 3214)
(24, 1, 234)
(24, 17, 961)
(24, 4, 110)
(24, 20, 504)
(24, 7, 3584)
(24, 9, 1226)
(24, 19, 4433)
(25, 4, 3380)
(25, 3, 5613)
(25, 16, 6546)
(25, 9, 1277)
(25, 5, 967)
(25, 22, 1071)
(25, 6, 2803)
(25, 24, 3946)
(25, 11, 2340)
(25, 0, 238)
(25, 23, 3914)
(25, 18, 3483)
(25, 10, 5854)
(25, 13, 1383)
(26, 19, 1380)
(26, 12, 1092)
(26, 1, 4374)
(26, 6, 5694)
(26, 0, 1418)
(26, 22, 493)
(26, 11, 1673)
(26, 13, 6479)
(26, 5, 3646)
(26, 25, 641)
(26, 16, 2470)
(26, 20, 2439)
(26, 17, 3557)
(26, 9, 474)
(26, 2, 4952)
(26, 4, 1980)
(26, 21, 3412)
(26, 3, 2635)
(26, 23, 458)
(26, 14, 3918)
(26, 15, 761)
(26, 8, 4173)
(27, 24, 970)
(27, 3, 6458)
(27, 11, 6182)
(27, 12, 2552)
(27, 23, 2810)
(27, 18, 2258)
(27, 0, 1905)
(27, 14, 3979)
(27, 19, 4055)
(27, 17, 5637)
(27, 4, 6532)
(27, 7, 1433)
(27, 21, 5538)
(27, 10, 1756)
(27, 26, 2212)
(27, 20, 2674)
(27, 5, 5557)
(27, 1, 4742)
(27, 15, 749)
(27, 22, 3002)
(28, 17, 4223)
(28, 6, 1752)
(28, 12, 2499)
(28, 0, 5582)
(28, 15, 4758)
(28, 10, 4616)
(28, 8, 4722)
(28, 14, 6246)
(28, 11, 1324)
(28, 27, 415)
(28, 18, 2859)
(28, 26, 2656)
(28, 2, 1848)
(28, 24, 6142)
(28, 3, 4242)
(28, 25, 5014)
(28, 4, 339)
(28, 7, 4288)
(28, 22, 4557)
(28, 1, 2169)
(28, 9, 1830)
(28, 19, 4100)
(28, 23, 876)
(28, 20, 4239)
(28, 21, 1341)
(28, 5, 2189)
(28, 13, 4354)
(28, 16, 2497)
(29, 17, 2390)
(29, 8, 3935)
(29, 5, 2830)
(29, 7, 5480)
(29, 22, 3472)
(29, 11, 5430)
(29, 9, 3530)
(29, 28, 3153)
(29, 12, 1247)
(29, 1, 6325)
(29, 21, 4367)
(29, 23, 2234)
(29, 27, 3704)
(29, 10, 3276)
(29, 13, 4415)
(29, 25, 5902)
(29, 18, 1811)
(29, 15, 2370)
(29, 24, 2265)
(29, 0, 2442)
(29, 6, 5493)
(29, 16, 6023)
(30, 25, 3343)
(30, 3, 453)
(30, 17, 911)
(30, 26, 4517)
(30, 16, 153)
(30, 20, 1291)
(30, 23, 2739)
(30, 0, 2529)
(30, 13, 3772)
(30, 9, 1928)
(30, 2, 5803)
(30, 10, 3768)
(30, 5, 5365)
(30, 7, 1246)
(30, 15, 2651)
(30, 6, 5762)
(30, 11, 6436)
(30, 14, 1978)
(30, 27, 3680)
(30, 28, 732)
(30, 18, 611)
(30, 29, 4912)
(30, 12, 3519)
(30, 24, 1181)
(30, 22, 4770)
(30, 21, 2879)
(30, 1, 3206)
(30, 4, 634)
(31, 18, 725)
(31, 28, 4321)
(31, 4, 1867)
(31, 1, 6318)
(31, 9, 1670)
(31, 24, 4803)
(31, 7, 1100)
(31, 5, 3793)
(31, 22, 6065)
(31, 19, 1043)
(31, 26, 1292)
(31, 11, 2111)
(31, 21, 4107)
(31, 2, 5561)
(31, 10, 3741)
(31, 0, 364)
(31, 16, 3014)
(32, 12, 4821)
(32, 11, 6187)
(32, 15, 2457)
(32, 21, 2894)
(32, 24, 5156)
(32, 20, 1837)
(32, 19, 1278)
(32, 31, 4481)
(32, 3, 6258)
(32, 26, 6510)
(32, 14, 5247)
(32, 22, 6330)
(32, 5, 2070)
(32, 6, 2524)
(32, 2, 1589)
(32, 13, 2712)
(32, 29, 101)
(32, 9, 6429)
(32, 17, 3830)
(32, 4, 5560)
(32, 30, 4787)
(32, 28, 4024)
(32, 16, 4070)
(32, 27, 3622)
(33, 20, 513)
(33, 7, 4293)
(33, 23, 4362)
(33, 0, 5360)
(33, 10, 3766)
(33, 26, 4931)
(33, 25, 2962)
(33, 2, 1024)
(33, 4, 5497)
(33, 19, 2323)
(33, 21, 3624)
(33, 22, 6053)
(33, 5, 1668)
(33, 6, 5462)
(33, 28, 2958)
(33, 9, 3942)
(33, 12, 6598)
(33, 17, 3868)
(33, 11, 2957)
(33, 27, 5819)
(33, 18, 1000)
(33, 1, 6509)
(34, 21, 5716)
(34, 22, 4820)
(34, 9, 755)
(34, 26, 4319)
(34, 30, 4176)
(34, 25, 1580)
(34, 31, 6313)
(34, 13, 4366)
(34, 27, 2176)
(34, 1, 2242)
(34, 33, 2944)
(34, 16, 6106)
(34, 20, 5429)
(34, 2, 3724)
(34, 28, 1943)
(34, 4, 17)
(34, 18, 557)
(34, 8, 2281)
(35, 34, 4082)
(35, 24, 6536)
(35, 17, 3889)
(35, 20, 3495)
(35, 11, 6093)
(35, 25, 4534)
(35, 18, 3931)
(35, 0, 1327)
(35, 29, 6271)
(35, 1, 1377)
(35, 8, 4201)
(35, 16, 5930)
(35, 2, 5302)
(35, 28, 4900)
(36, 6, 3279)
(36, 25, 2921)
(36, 21, 4815)
(36, 14, 2741)
(36, 1, 5042)
(36, 35, 3812)
(36, 4, 1307)
(36, 7, 3381)
(36, 24, 2577)
(36, 33, 4020)
(36, 34, 1898)
(36, 12, 5307)
(36, 17, 2669)
(36, 2, 2420)
(37, 30, 4180)
(37, 2, 330)
(37, 32, 6138)
(37, 8, 2095)
(37, 33, 3419)
(37, 29, 1484)
(37, 6, 3353)
(37, 13, 5925)
(37, 35, 5135)
(37, 27, 1014)
(37, 15, 3944)
(37, 1, 6485)
(37, 19, 4684)
(37, 23, 4484)
(37, 20, 2464)
(37, 31, 4934)
(37, 18, 4979)
(37, 12, 4160)
(37, 0, 2587)
(37, 28, 5673)
(37, 25, 1106)
(37, 4, 5756)
(37, 36, 6207)
(37, 14, 6508)
(37, 11, 4128)
(37, 22, 263)
(37, 16, 52)
(37, 9, 2700)
(37, 7, 4662)
(37, 34, 414)
(37, 26, 5443)
(37, 3, 3963)
(37, 24, 664)
(37, 10, 5271)
(37, 21, 5242)
(37, 17, 808)
(38, 0, 3397)
(38, 11, 1851)
(38, 25, 4565)
(38, 23, 4158)
(39, 2, 6395)
(39, 24, 482)
(39, 3, 1467)
(39, 37, 2559)
(39, 36, 2115)
(39, 34, 6329)
(39, 8, 5506)
(39, 16, 4194)
(39, 32, 6422)
(39, 0, 2326)
(39, 27, 6071)
(39, 31, 2082)
(39, 29, 1969)
(39, 35, 6061)
(39, 26, 1999)
(39, 4, 219)
(39, 13, 1859)
(39, 28, 5467)
(39, 33, 4898)
(39, 20, 65)
(39, 14, 6186)
(39, 18, 2744)
(39, 7, 3726)
(39, 17, 1863)
(39, 30, 2844)
(39, 10, 2156)
(39, 9, 5523)
(39, 25, 1033)
(39, 21, 3738)
(39, 19, 3690)
(39, 5, 1489)
(39, 6, 5813)
(39, 15, 2233)
(39, 23, 139)
(39, 11, 4878)
(39, 38, 5962)
(39, 1, 3252)
(39, 22, 4688)
(40, 35, 2297)
(41, 5, 4316)
(41, 26, 5330)
(41, 38, 1004)
(41, 40, 5559)
(41, 0, 5381)
(41, 21, 2730)
(41, 35, 2203)
(41, 31, 4044)
(41, 16, 4870)
(41, 4, 5606)
(41, 13, 3547)
(41, 32, 775)
(41, 3, 1370)
(41, 33, 6179)
(41, 12, 6379)
(41, 34, 1561)
(41, 10, 4249)
(41, 11, 1201)
(41, 20, 1412)
(41, 36, 1833)
(41, 37, 658)
(41, 23, 5795)
(41, 7, 603)
(41, 6, 6357)
(41, 27, 1843)
(41, 25, 613)
(41, 1, 1336)
(41, 2, 1219)
(42, 14, 2943)
(42, 3, 6015)
(42, 23, 5656)
(42, 22, 1468)
(43, 6, 6545)
(43, 8, 3873)
(43, 22, 731)
(43, 25, 4865)
(43, 4, 6263)
(43, 12, 6565)
(43, 2, 1076)
(43, 16, 6469)
(43, 17, 160)
(43, 26, 1523)
(43, 24, 237)
(43, 42, 3167)
(43, 23, 4735)
(43, 13, 5489)
(43, 33, 3543)
(44, 1, 1988)
(44, 28, 3007)
(44, 27, 3740)
(44, 5, 3055)
(44, 12, 4801)
(44, 43, 5675)
(44, 8, 1360)
(44, 36, 4147)
(44, 16, 2306)
(44, 37, 5077)
(44, 35, 2202)
(44, 6, 3500)
(44, 40, 1743)
(44, 7, 6486)
(44, 17, 2352)
(44, 20, 6049)
(44, 14, 6489)
(44, 29, 521)
(44, 42, 1236)
(44, 23, 3590)
(44, 0, 4973)
(44, 31, 4679)
(44, 15, 966)
(44, 9, 1312)
(44, 41, 421)
(44, 25, 1992)
(44, 11, 3588)
(44, 13, 430)
(44, 32, 2007)
(44, 3, 6118)
(44, 39, 4089)
(44, 4, 2268)
(44, 30, 5015)
(44, 10, 5203)
(44, 2, 5510)
(45, 23, 3458)
(45, 24, 636)
(45, 17, 4494)
(45, 0, 6063)
(45, 40, 5259)
(45, 6, 5149)
(45, 41, 2472)
(45, 35, 3081)
(45, 2, 5087)
(45, 15, 2903)
(45, 16, 550)
(45, 5, 2462)
(45, 7, 6564)
(45, 43, 4938)
(45, 34, 3309)
(45, 19, 1858)
(45, 4, 6298)
(45, 27, 6051)
(45, 8, 6151)
(45, 25, 5232)
(45, 39, 886)
(45, 12, 366)
(46, 40, 6555)
(46, 15, 3673)
(46, 0, 4526)
(46, 28, 3925)
(46, 45, 1295)
(46, 18, 803)
(46, 24, 5051)
(46, 9, 2971)
(46, 30, 2423)
(46, 41, 1871)
(46, 19, 4076)
(46, 29, 730)
(46, 37, 3853)
(46, 31, 6476)
(46, 35, 661)
(46, 44, 2240)
(46, 17, 6384)
(46, 39, 6274)
(46, 43, 2658)
(46, 1, 839)
(46, 22, 1409)
(46, 25, 5751)
(46, 34, 2869)
(46, 5, 5278)
(47, 3, 2716)
(47, 20, 5553)
(47, 43, 302)
(47, 42, 6606)
(47, 17, 3272)
(47, 19, 3507)
(47, 8, 1759)
(47, 25, 5738)
(47, 44, 3227)
(47, 4, 4126)
(47, 34, 1202)
(47, 6, 5772)
(47, 7, 6217)
(47, 30, 2444)
(47, 32, 2666)
(47, 21, 5915)
(47, 27, 433)
(47, 18, 1993)
(47, 33, 3216)
(47, 45, 4599)
(47, 16, 948)
(47, 35, 145)
(47, 5, 6597)
(47, 36, 2511)
(47, 14, 3478)
(47, 11, 1733)
(47, 46, 4687)
(47, 40, 2641)
(47, 29, 6180)
(47, 9, 251)
(47, 0, 4718)
(47, 12, 863)
(47, 38, 1646)
(47, 15, 480)
(47, 2, 6518)
(47, 28, 2593)
(47, 22, 1621)
(47, 26, 6537)
(48, 0, 6193)
(48, 9, 5402)
(48, 22, 2010)
(48, 27, 6351)
(48, 26, 6283)
(48, 40, 5147)
(48, 15, 1753)
(48, 39, 5590)
(48, 10, 793)
(48, 14, 1251)
(49, 15, 127)
(49, 25, 3162)
(49, 42, 1417)
(49, 38, 5267)
(49, 17, 1001)
(49, 36, 4531)
(49, 14, 5116)
(49, 26, 2515)
(49, 8, 3817)
(49, 40, 3497)
(49, 37, 2116)
(49, 32, 2143)
(49, 29, 6525)
(49, 7, 4813)
(49, 1, 2504)
(49, 28, 4238)
(49, 5, 2394)
(49, 6, 3291)
(49, 45, 838)
(49, 4, 675)
(49, 39, 2273)
(49, 9, 5704)
(49, 20, 1796)
(49, 44, 3366)
(49, 21, 744)
(49, 30, 3706)
(49, 23, 3434)
(49, 13, 6445)
(49, 18, 5539)
(49, 48, 6460)
(49, 35, 33)
(49, 34, 4028)
(49, 27, 787)
(49, 22, 4597)
(49, 2, 3929)
(49, 33, 6356)
(49, 10, 4550)
(49, 11, 4060)
(49, 47, 4495)
(49, 19, 2773)
(50, 44, 828)
(50, 46, 5498)
(50, 17, 5421)
(50, 49, 6162)
(50, 31, 1975)
(50, 26, 6410)
(50, 15, 2074)
(50, 6, 2157)
(50, 2, 5146)
(50, 39, 4844)
(50, 1, 2792)
(50, 12, 285)
(50, 25, 456)
(50, 43, 3165)
(50, 19, 1968)
(50, 33, 5495)
(50, 24, 2119)
(50, 13, 3125)
(50, 42, 2834)
(50, 47, 5842)
(50, 7, 1240)
(50, 35, 5871)
(50, 34, 983)
(50, 22, 2762)
(50, 4, 3025)
(50, 32, 2554)
(50, 20, 6533)
(50, 23, 3449)
(50, 0, 5750)
(50, 30, 2395)
(50, 45, 1010)
(50, 10, 3533)
(50, 40, 351)
(50, 29, 207)
(50, 48, 2308)
(50, 36, 5900)
(50, 3, 3828)
(50, 37, 496)
(50, 18, 1689)
(50, 27, 2521)
(50, 41, 6348)
(50, 38, 2247)
(50, 21, 6203)
(50, 16, 3664)
(50, 14, 511)
(50, 28, 6415)
(51, 41, 4363)
(51, 6, 1626)
(51, 18, 6432)
(51, 8, 5885)
(51, 38, 3872)
(51, 13, 4845)
(51, 40, 1406)
(51, 2, 96)
(51, 46, 5665)
(51, 7, 3643)
(51, 37, 1568)
(51, 28, 5069)
(51, 14, 1015)
(51, 1, 1200)
(51, 5, 4538)
(51, 47, 6208)
(51, 49, 4788)
(51, 30, 4325)
(51, 25, 4137)
(51, 26, 438)
(51, 17, 5776)
(51, 35, 5250)
(51, 31, 4112)
(51, 16, 4291)
(51, 32, 2046)
(51, 29, 5161)
(51, 39, 6269)
(51, 10, 3795)
(51, 23, 2809)
(51, 50, 2045)
(51, 33, 1475)
(51, 21, 4569)
(51, 42, 5513)
(51, 48, 3904)
(51, 20, 6245)
(51, 9, 2707)
(51, 12, 1462)
(51, 34, 5424)
(52, 26, 6504)
(52, 17, 6517)
(52, 24, 5111)
(52, 32, 5280)
(52, 29, 507)
(52, 10, 2310)
(52, 13, 4332)
(52, 33, 2339)
(52, 16, 2201)
(52, 22, 5874)
(53, 11, 5450)
(53, 37, 4855)
(53, 36, 4826)
(53, 8, 447)
(53, 46, 3010)
(53, 25, 5546)
(53, 1, 42)
(53, 31, 1570)
(53, 5, 4923)
(53, 34, 3337)
(53, 29, 2960)
(53, 33, 3253)
(53, 10, 2490)
(53, 24, 901)
(53, 16, 144)
(53, 38, 6523)
(53, 30, 4334)
(53, 14, 1565)
(53, 23, 4797)
(53, 41, 5169)
(53, 21, 6314)
(53, 15, 450)
(53, 32, 6247)
(53, 27, 4911)
(53, 7, 587)
(53, 50, 2295)
(53, 35, 2592)
(53, 6, 3124)
(53, 18, 3174)
(53, 43, 1331)
(53, 0, 591)
(53, 3, 1373)
(53, 52, 1239)
(53, 26, 4798)
(53, 42, 741)
(53, 17, 262)
(53, 4, 1779)
(53, 13, 6543)
(54, 32, 1637)
(54, 53, 6497)
(54, 13, 5545)
(54, 10, 5062)
(54, 46, 5431)
(54, 34, 4464)
(54, 33, 3457)
(54, 19, 2817)
(54, 9, 4220)
(54, 31, 4300)
(54, 11, 3413)
(54, 16, 20)
(54, 49, 3821)
(54, 35, 1949)
(54, 52, 3791)
(54, 26, 2691)
(54, 6, 1950)
(54, 2, 720)
(54, 42, 1940)
(54, 29, 1421)
(54, 22, 4633)
(55, 30, 5847)
(55, 12, 122)
(55, 5, 2597)
(55, 52, 6081)
(55, 41, 891)
(55, 35, 3169)
(55, 44, 3842)
(55, 21, 3012)
(55, 53, 4680)
(55, 46, 1997)
(55, 1, 1544)
(55, 33, 3385)
(55, 19, 1216)
(55, 8, 6466)
(55, 0, 5988)
(55, 43, 1919)
(55, 15, 1232)
(55, 49, 2050)
(55, 54, 4920)
(55, 16, 5038)
(56, 3, 6526)
(56, 52, 6448)
(56, 25, 2640)
(56, 53, 947)
(56, 0, 4061)
(56, 31, 5766)
(56, 46, 6039)
(56, 44, 412)
(56, 18, 4918)
(56, 1, 5933)
(56, 32, 3001)
(56, 17, 1173)
(56, 37, 155)
(56, 38, 3433)
(56, 8, 2910)
(56, 49, 4473)
(56, 12, 336)
(56, 33, 980)
(56, 55, 1048)
(57, 51, 940)
(57, 27, 3112)
(57, 53, 608)
(57, 55, 329)
(57, 39, 4963)
(57, 6, 5805)
(57, 15, 585)
(57, 25, 3067)
(57, 1, 6417)
(57, 17, 444)
(57, 18, 4419)
(57, 33, 1289)
(57, 34, 19)
(57, 28, 1397)
(57, 21, 5384)
(57, 19, 2991)
(57, 43, 960)
(57, 37, 5419)
(57, 42, 6387)
(57, 31, 1655)
(57, 36, 2528)
(57, 48, 6105)
(57, 47, 3396)
(57, 50, 594)
(57, 7, 328)
(57, 20, 3672)
(57, 0, 6488)
(57, 16, 4016)
(57, 41, 6513)
(57, 30, 1297)
(58, 2, 5264)
(58, 30, 1460)
(58, 55, 5789)
(58, 43, 3335)
(58, 29, 754)
(58, 37, 1682)
(58, 41, 1723)
(58, 26, 3810)
(58, 45, 373)
(58, 32, 5004)
(58, 36, 3871)
(58, 22, 3490)
(58, 13, 2304)
(58, 35, 5723)
(58, 9, 680)
(58, 34, 772)
(58, 56, 604)
(58, 3, 3912)
(58, 23, 2985)
(58, 39, 6079)
(58, 0, 2239)
(58, 25, 5061)
(58, 7, 843)
(58, 40, 3256)
(58, 52, 3732)
(58, 50, 4924)
(58, 19, 3450)
(58, 17, 1788)
(58, 33, 221)
(58, 48, 5485)
(58, 10, 5068)
(58, 14, 2071)
(58, 42, 5549)
(58, 15, 3099)
(58, 5, 1471)
(58, 16, 131)
(58, 6, 4251)
(58, 21, 4067)
(58, 46, 3026)
(58, 51, 1899)
(58, 57, 3157)
(58, 24, 858)
(58, 1, 1901)
(58, 20, 5335)
(58, 8, 1303)
(58, 4, 2624)
(58, 38, 3897)
(58, 27, 4199)
(58, 28, 4387)
(58, 54, 1818)
(59, 52, 4052)
(59, 27, 4425)
(59, 36, 1531)
(59, 58, 6222)
(59, 45, 3065)
(60, 21, 6285)
(61, 38, 2735)
(61, 44, 1205)
(61, 15, 2469)
(61, 13, 1775)
(61, 58, 5063)
(61, 43, 4583)
(61, 52, 2204)
(61, 6, 3572)
(61, 28, 5804)
(61, 23, 4192)
(61, 25, 3597)
(61, 4, 1872)
(61, 2, 548)
(61, 54, 6259)
(61, 10, 3865)
(61, 24, 5145)
(61, 42, 5140)
(61, 19, 360)
(61, 39, 979)
(61, 40, 349)
(61, 9, 5832)
(61, 37, 773)
(61, 49, 6350)
(61, 45, 6560)
(61, 55, 3262)
(61, 60, 6176)
(61, 41, 2166)
(61, 30, 5901)
(61, 21, 3820)
(61, 31, 5945)
(61, 27, 1525)
(61, 57, 6345)
(61, 32, 3015)
(61, 59, 4215)
(61, 7, 5685)
(61, 29, 371)
(61, 14, 881)
(61, 46, 2134)
(61, 51, 2400)
(61, 35, 2280)
(61, 8, 753)
(61, 1, 4958)
(61, 47, 5319)
(61, 53, 163)
(61, 33, 3211)
(61, 56, 992)
(62, 51, 6338)
(62, 1, 5818)
(62, 54, 5303)
(62, 0, 3780)
(62, 25, 1009)
(62, 30, 3152)
(62, 28, 3274)
(62, 7, 4050)
(62, 36, 1374)
(62, 29, 6556)
(62, 44, 1609)
(62, 9, 4674)
(62, 19, 3348)
(62, 17, 1111)
(62, 32, 6290)
(62, 5, 3957)
(62, 23, 2368)
(62, 24, 3980)
(62, 39, 1732)
(62, 45, 4626)
(62, 27, 1035)
(62, 16, 1925)
(62, 47, 2084)
(62, 14, 3074)
(62, 26, 3884)
(62, 37, 2484)
(62, 18, 1780)
(62, 46, 5388)
(62, 43, 2286)
(62, 49, 1749)
(62, 22, 4709)
(62, 55, 4566)
(62, 35, 5411)
(62, 60, 1512)
(63, 19, 6398)
(63, 22, 1461)
(63, 7, 4256)
(63, 32, 6166)
(63, 30, 4840)
(63, 42, 4026)
(63, 60, 2571)
(63, 11, 186)
(63, 14, 424)
(63, 31, 4972)
(63, 34, 3447)
(63, 58, 377)
(63, 17, 5437)
(63, 43, 5399)
(63, 55, 1064)
(63, 3, 5882)
(63, 4, 4356)
(63, 1, 4573)
(63, 52, 2986)
(63, 53, 2548)
(63, 50, 6470)
(63, 36, 2199)
(63, 28, 2117)
(63, 21, 1846)
(63, 5, 2137)
(63, 26, 413)
(63, 24, 2408)
(63, 10, 4755)
(63, 39, 1662)
(63, 38, 1912)
(63, 6, 3941)
(63, 41, 4459)
(63, 27, 6054)
(63, 51, 3245)
(63, 0, 4989)
(63, 29, 2031)
(63, 20, 3840)
(63, 59, 6190)
(63, 56, 1480)
(63, 35, 4254)
(63, 23, 4213)
(63, 61, 6467)
(63, 45, 6129)
(63, 62, 116)
(63, 44, 1550)
(63, 8, 810)
(63, 37, 5687)
(63, 16, 363)
(63, 48, 3117)
(63, 13, 3911)
(63, 9, 1485)
(63, 18, 2307)
(63, 25, 4812)
(63, 40, 1502)
(63, 15, 6026)
(63, 33, 2331)
(64, 31, 5162)
(64, 49, 3867)
(64, 60, 4986)
(64, 20, 5502)
(64, 55, 1936)
(64, 27, 3028)
(64, 46, 1801)
(64, 58, 250)
(64, 26, 6380)
(64, 5, 1413)
(64, 34, 3663)
(64, 29, 5791)
(64, 17, 3431)
(64, 28, 5072)
(64, 14, 2772)
(64, 15, 6047)
(64, 25, 4274)
(64, 57, 3341)
(64, 32, 54)
(64, 41, 2777)
(64, 22, 5031)
(64, 51, 1538)
(64, 45, 2289)
(64, 44, 3900)
(64, 0, 5269)
(64, 42, 6218)
(64, 12, 2148)
(64, 50, 3370)
(64, 40, 4666)
(64, 8, 477)
(64, 16, 4405)
(64, 33, 3996)
(64, 37, 4004)
(64, 13, 4108)
(64, 9, 3786)
(64, 56, 2750)
(64, 3, 4286)
(64, 43, 4715)
(64, 54, 390)
(64, 61, 6347)
(64, 1, 5371)
(64, 36, 1053)
(64, 24, 5849)
(64, 10, 1463)
(64, 23, 2621)
(64, 19, 3451)
(64, 21, 3069)
(64, 4, 4642)
(64, 6, 3405)
(64, 48, 1122)
(65, 4, 5682)
(65, 48, 5844)
(65, 26, 4726)
(65, 15, 5455)
(65, 12, 5079)
(65, 39, 554)
(65, 29, 1509)
(65, 14, 3566)
(65, 64, 4377)
(65, 60, 547)
(65, 19, 707)
(65, 43, 4858)
(65, 27, 5085)
(65, 34, 5815)
(65, 22, 2033)
(65, 20, 2493)
(65, 3, 6210)
(65, 13, 1093)
(65, 24, 5440)
(65, 62, 271)
(65, 7, 2264)
(65, 25, 1355)
(65, 18, 3414)
(65, 42, 3098)
(65, 55, 628)
(65, 16, 2225)
(65, 52, 4212)
(65, 28, 4219)
(65, 6, 1368)
(65, 38, 1838)
(65, 1, 648)
(65, 59, 600)
(65, 56, 1036)
(65, 0, 2555)
(65, 47, 1705)
(65, 23, 1255)
(65, 63, 2950)
(65, 41, 5002)
(65, 33, 2766)
(65, 35, 5327)
(65, 51, 3304)
(65, 50, 3459)
(66, 24, 4292)
(66, 21, 3601)
(66, 39, 1721)
(66, 11, 3411)
(66, 45, 4925)
(66, 43, 5073)
(66, 7, 949)
(66, 2, 5296)
(66, 51, 5128)
(66, 47, 3105)
(66, 52, 1956)
(66, 49, 3301)
(66, 57, 4825)
(66, 42, 176)
(66, 9, 320)
(66, 37, 3143)
(66, 29, 3822)
(66, 58, 2785)
(66, 13, 370)
(66, 30, 443)
(66, 10, 6490)
(66, 25, 1177)
(66, 31, 4246)
(66, 65, 4217)
(66, 3, 3886)
(66, 5, 5968)
(66, 61, 5936)
(66, 50, 5214)
(66, 22, 3577)
(66, 6, 4364)
(66, 35, 5940)
(66, 17, 5487)
(66, 26, 5645)
(66, 53, 3954)
(66, 38, 5463)
(66, 48, 3488)
(66, 18, 605)
(66, 8, 5174)
(66, 12, 10)
(66, 44, 4393)
(66, 36, 5733)
(66, 46, 5033)
(66, 59, 3778)
(66, 20, 257)
(66, 28, 4304)
(66, 27, 2583)
(66, 4, 5501)
(66, 63, 2846)
(66, 19, 3296)
(66, 23, 2013)
(66, 16, 5870)
(66, 60, 1399)
(66, 34, 74)
(66, 1, 1868)
(66, 54, 4871)
(66, 64, 4085)
(66, 40, 5599)
(66, 41, 9)
(66, 14, 3042)
(66, 32, 3798)
(66, 33, 1764)
(66, 55, 3815)
(66, 0, 3809)
(66, 56, 3836)
(66, 62, 2589)
(67, 34, 185)
(67, 28, 4910)
(67, 55, 3962)
(67, 20, 483)
(67, 2, 5)
(67, 8, 6343)
(67, 0, 1022)
(67, 15, 802)
(67, 22, 4659)
(67, 10, 5748)
(67, 32, 852)
(67, 30, 6574)
(67, 60, 801)
(67, 51, 2083)
(67, 11, 5923)
(67, 65, 3630)
(67, 13, 1329)
(67, 27, 6570)
(67, 45, 2737)
(67, 52, 5113)
(67, 23, 2498)
(67, 58, 5765)
(67, 9, 1695)
(67, 36, 1977)
(67, 37, 5183)
(67, 66, 2625)
(67, 7, 1771)
(67, 56, 4233)
(67, 40, 4497)
(67, 1, 5616)
(67, 50, 6225)
(67, 4, 5955)
(67, 26, 34)
(67, 62, 6043)
(67, 6, 5284)
(67, 25, 3408)
(67, 46, 4140)
(67, 57, 2052)
(67, 18, 4358)
(67, 49, 1476)
(67, 41, 2757)
(67, 63, 5619)
(67, 31, 3567)
(67, 47, 2030)
(67, 43, 2152)
(67, 42, 4287)
(67, 21, 4571)
(67, 16, 2531)
(67, 44, 6400)
(67, 59, 743)
(67, 3, 6240)
(67, 54, 3087)
(67, 5, 6048)
(67, 38, 117)
(67, 29, 2867)
(67, 19, 1439)
(67, 48, 958)
(67, 24, 6020)
(68, 21, 4490)
(68, 45, 3151)
(68, 6, 5920)
(68, 47, 1765)
(68, 7, 172)
(68, 25, 6032)
(68, 28, 3009)
(69, 56, 690)
(69, 36, 4345)
(69, 28, 2330)
(69, 10, 4168)
(69, 34, 2155)
(69, 8, 2676)
(69, 32, 187)
(69, 52, 3626)
(69, 35, 846)
(69, 27, 4613)
(69, 60, 1411)
(69, 9, 5394)
(69, 14, 3608)
(69, 39, 3893)
(69, 26, 6451)
(69, 13, 5914)
(69, 42, 3802)
(69, 55, 1782)
(69, 62, 5503)
(69, 31, 2312)
(69, 25, 2077)
(69, 49, 4463)
(69, 21, 2657)
(69, 40, 226)
(69, 68, 197)
(69, 6, 307)
(69, 30, 2823)
(69, 3, 3983)
(69, 24, 102)
(69, 64, 1839)
(69, 1, 4645)
(69, 0, 2396)
(69, 17, 3293)
(69, 18, 5314)
(69, 57, 4182)
(69, 46, 2970)
(69, 66, 4708)
(69, 44, 6514)
(69, 67, 5154)
(70, 48, 4775)
(70, 62, 4947)
(70, 22, 4961)
(70, 67, 6083)
(70, 7, 4244)
(70, 40, 829)
(70, 57, 3913)
(70, 0, 2343)
(70, 34, 5615)
(70, 12, 4250)
(70, 15, 2815)
(70, 24, 3879)
(70, 6, 5293)
(70, 49, 1465)
(70, 65, 4592)
(70, 38, 6408)
(70, 56, 890)
(70, 69, 5011)
(70, 3, 2445)
(70, 16, 5876)
(70, 26, 5415)
(70, 4, 452)
(70, 18, 3678)
(70, 29, 3585)
(70, 14, 6365)
(70, 23, 6323)
(70, 68, 6418)
(70, 11, 6147)
(70, 5, 5333)
(70, 32, 5098)
(70, 59, 4475)
(70, 37, 353)
(70, 25, 2999)
(70, 21, 422)
(70, 53, 6529)
(70, 43, 4556)
(70, 45, 4122)
(70, 31, 1983)
(70, 54, 5362)
(70, 61, 1148)
(70, 47, 288)
(70, 27, 3971)
(70, 41, 4822)
(70, 39, 6042)
(70, 60, 6117)
(70, 52, 3436)
(70, 20, 6192)
(70, 19, 6115)
(70, 9, 5893)
(70, 42, 5996)
(70, 2, 5982)
(70, 58, 489)
(70, 46, 3578)
(70, 66, 4665)
(70, 8, 2288)
(70, 55, 750)
(70, 33, 5414)
(70, 30, 1046)
(70, 10, 975)
(70, 63, 5540)
(70, 51, 3754)
(70, 28, 2206)
(70, 64, 6411)
(70, 13, 3750)
(70, 44, 3937)
(70, 50, 6414)
(70, 36, 2900)
(70, 35, 5120)
(70, 17, 2231)
(70, 1, 5783)
(71, 51, 3342)
(71, 54, 1450)
(71, 38, 3520)
(71, 59, 2769)
(71, 65, 5367)
(71, 9, 3901)
(71, 37, 5257)
(71, 46, 2603)
(71, 4, 3852)
(71, 62, 59)
(71, 11, 647)
(71, 10, 2713)
(71, 68, 1658)
(71, 23, 1094)
(71, 44, 6082)
(71, 66, 2581)
(71, 3, 5256)
(71, 57, 1809)
(71, 26, 4427)
(71, 48, 2424)
(71, 56, 1483)
(71, 30, 5337)
(71, 16, 1869)
(71, 5, 1532)
(71, 40, 3668)
(71, 34, 4253)
(71, 63, 3275)
(71, 17, 6440)
(71, 61, 3041)
(71, 0, 1059)
(71, 15, 6303)
(72, 69, 722)
(72, 32, 1257)
(72, 56, 4392)
(72, 42, 2214)
(72, 39, 813)
(72, 27, 6353)
(72, 65, 1314)
(72, 28, 6165)
(72, 63, 4508)
(72, 49, 3713)
(72, 48, 113)
(72, 50, 1892)
(72, 2, 821)
(72, 35, 789)
(72, 46, 484)
(72, 6, 990)
(72, 53, 4705)
(72, 59, 2314)
(72, 29, 1882)
(72, 16, 5960)
(72, 12, 1169)
(72, 1, 4039)
(72, 57, 1159)
(72, 37, 1575)
(72, 18, 6390)
(72, 13, 1301)
(72, 25, 5238)
(72, 33, 4491)
(72, 26, 2008)
(73, 30, 3230)
(73, 2, 6443)
(73, 16, 4954)
(73, 19, 72)
(73, 60, 4570)
(73, 71, 3391)
(73, 69, 6481)
(73, 54, 5170)
(73, 35, 5106)
(73, 22, 1657)
(73, 15, 1032)
(73, 32, 5204)
(73, 63, 2223)
(73, 17, 5255)
(73, 61, 4277)
(73, 48, 2089)
(73, 62, 4523)
(73, 23, 1907)
(74, 21, 1369)
(74, 70, 5218)
(74, 37, 709)
(74, 15, 3255)
(74, 42, 2433)
(74, 39, 375)
(74, 26, 5843)
(74, 29, 5984)
(74, 54, 5890)
(74, 65, 3437)
(74, 59, 2889)
(74, 52, 2972)
(74, 12, 1878)
(74, 22, 3201)
(74, 10, 4290)
(74, 40, 2918)
(74, 69, 4145)
(74, 63, 5533)
(74, 20, 3023)
(74, 64, 1457)
(74, 31, 4598)
(74, 61, 5048)
(74, 4, 657)
(74, 55, 5600)
(74, 30, 45)
(74, 7, 4492)
(74, 25, 522)
(74, 50, 6212)
(74, 68, 4916)
(74, 11, 2781)
(74, 32, 6265)
(74, 48, 419)
(74, 56, 563)
(74, 0, 6008)
(74, 17, 5126)
(74, 33, 799)
(74, 27, 2814)
(74, 24, 972)
(74, 2, 6199)
(74, 44, 2924)
(74, 6, 4326)
(74, 72, 4187)
(74, 53, 3742)
(74, 1, 3570)
(74, 43, 5985)
(74, 73, 4059)
(74, 36, 3631)
(74, 67, 4469)
(74, 51, 6200)
(74, 18, 5436)
(74, 62, 4209)
(74, 28, 5835)
(74, 45, 1663)
(74, 49, 5895)
(74, 71, 107)
(74, 5, 3707)
(74, 60, 4401)
(74, 23, 2937)
(74, 9, 5658)
(74, 38, 1119)
(74, 35, 5727)
(74, 46, 471)
(74, 34, 6444)
(74, 16, 3432)
(74, 19, 1135)
(74, 13, 1618)
(74, 47, 5547)
(74, 66, 2993)
(74, 3, 3896)
(74, 57, 357)
(74, 8, 4907)
(74, 41, 5346)
(74, 14, 3669)
(74, 58, 3505)
(75, 68, 1700)
(75, 18, 1453)
(75, 31, 2558)
(75, 28, 1600)
(75, 61, 5064)
(75, 24, 5858)
(75, 10, 811)
(75, 50, 3892)
(75, 55, 6119)
(75, 16, 2456)
(75, 38, 915)
(75, 73, 1056)
(75, 51, 2182)
(75, 1, 3133)
(75, 67, 2477)
(75, 49, 2385)
(75, 5, 5809)
(75, 29, 4730)
(75, 64, 2104)
(75, 2, 2574)
(75, 4, 3727)
(75, 3, 4118)
(75, 36, 5829)
(75, 25, 5025)
(75, 69, 425)
(75, 47, 2965)
(75, 22, 6005)
(75, 17, 3991)
(75, 33, 3556)
(75, 15, 6312)
(75, 62, 3029)
(75, 60, 582)
(75, 53, 78)
(75, 46, 1299)
(75, 45, 5905)
(75, 30, 4381)
(75, 65, 4863)
(75, 71, 5190)
(75, 13, 4625)
(75, 0, 1156)
(75, 19, 910)
(75, 26, 5350)
(75, 9, 3158)
(75, 44, 1118)
(75, 56, 1707)
(75, 52, 4385)
(75, 41, 562)
(75, 58, 6030)
(75, 72, 1162)
(75, 70, 3287)
(75, 8, 2979)
(75, 74, 4440)
(75, 59, 5108)
(75, 42, 182)
(75, 12, 3250)
(75, 23, 765)
(75, 37, 4707)
(75, 40, 4370)
(75, 7, 4154)
(75, 57, 590)
(75, 32, 2336)
(75, 11, 1259)
(75, 27, 5123)
(75, 66, 5457)
(75, 39, 5405)
(75, 20, 1958)
(75, 63, 5663)
(75, 14, 5490)
(75, 21, 3825)
(76, 50, 527)
(76, 16, 1760)
(76, 48, 2925)
(76, 71, 5254)
(76, 27, 3615)
(76, 19, 4303)
(76, 61, 39)
(76, 28, 4030)
(76, 38, 3525)
(76, 69, 1392)
(76, 72, 5369)
(76, 58, 3057)
(76, 74, 1210)
(76, 20, 5176)
(76, 23, 4159)
(76, 66, 6052)
(76, 3, 4515)
(76, 30, 2386)
(76, 5, 5368)
(76, 13, 3425)
(76, 10, 6169)
(76, 37, 6211)
(76, 12, 6189)
(76, 55, 1740)
(76, 14, 1931)
(76, 34, 5621)
(76, 73, 2634)
(76, 68, 5167)
(76, 62, 1541)
(76, 8, 268)
(76, 35, 4307)
(76, 6, 6454)
(76, 43, 2093)
(76, 64, 656)
(76, 11, 3379)
(76, 40, 5868)
(76, 9, 4178)
(76, 1, 6563)
(76, 46, 472)
(76, 15, 6562)
(76, 31, 5488)
(76, 24, 1634)
(76, 18, 6449)
(76, 42, 1647)
(76, 0, 2353)
(76, 36, 1063)
(76, 51, 4562)
(76, 54, 446)
(76, 25, 2103)
(76, 60, 2034)
(76, 41, 4104)
(76, 59, 925)
(76, 63, 2255)
(76, 22, 6367)
(76, 57, 3395)
(76, 26, 3043)
(76, 65, 4053)
(76, 7, 5318)
(76, 21, 5223)
(76, 33, 5050)
(76, 53, 4837)
(76, 52, 3265)
(76, 75, 2775)
(76, 47, 4230)
(76, 17, 2644)
(77, 31, 1072)
(77, 29, 5091)
(77, 9, 4011)
(77, 56, 2219)
(77, 60, 206)
(77, 53, 167)
(77, 14, 833)
(77, 33, 3108)
(77, 43, 1275)
(77, 25, 5090)
(77, 35, 807)
(77, 38, 5435)
(77, 51, 1891)
(77, 7, 2726)
(77, 68, 5629)
(77, 36, 1554)
(77, 65, 178)
(77, 70, 3471)
(77, 37, 5565)
(77, 52, 5017)
(77, 34, 6004)
(77, 18, 4695)
(77, 12, 6463)
(77, 62, 4001)
(77, 2, 1832)
(77, 21, 751)
(77, 8, 4767)
(77, 39, 2919)
(77, 24, 1030)
(77, 72, 5034)
(77, 42, 3749)
(77, 15, 6131)
(78, 68, 6382)
(78, 31, 6227)
(78, 26, 6559)
(78, 74, 669)
(78, 38, 4672)
(78, 45, 451)
(78, 13, 6202)
(78, 19, 4283)
(78, 52, 2109)
(78, 63, 5921)
(78, 0, 3864)
(78, 69, 978)
(78, 55, 3305)
(78, 4, 2410)
(78, 46, 4639)
(78, 34, 4773)
(78, 51, 6034)
(78, 18, 4177)
(78, 5, 1304)
(78, 71, 6068)
(78, 42, 3114)
(78, 47, 355)
(78, 29, 5345)
(78, 35, 1049)
(78, 7, 6337)
(78, 61, 2668)
(78, 28, 2868)
(78, 49, 5763)
(78, 24, 662)
(78, 65, 4315)
(78, 14, 1902)
(78, 43, 4341)
(78, 75, 5924)
(78, 44, 6013)
(78, 54, 2832)
(78, 2, 4608)
(78, 25, 5186)
(78, 33, 6542)
(78, 17, 3513)
(78, 56, 5785)
(78, 60, 5977)
(78, 37, 1981)
(78, 77, 3933)
(78, 73, 1850)
(78, 48, 1623)
(78, 20, 3387)
(78, 36, 5301)
(78, 39, 126)
(78, 66, 1679)
(78, 32, 1396)
(78, 27, 6232)
(78, 8, 4434)
(78, 67, 2813)
(78, 76, 2947)
(78, 72, 5248)
(78, 40, 2221)
(78, 12, 4171)
(78, 53, 491)
(79, 78, 4034)
(79, 66, 5164)
(79, 3, 2533)
(79, 75, 5160)
(79, 4, 5807)
(79, 50, 1268)
(79, 31, 3695)
(79, 65, 5290)
(79, 23, 6405)
(79, 5, 273)
(79, 16, 3268)
(79, 56, 3671)
(79, 39, 532)
(79, 15, 1213)
(79, 76, 2489)
(79, 34, 6308)
(79, 10, 498)
(79, 37, 6426)
(79, 68, 6604)
(79, 77, 1556)
(79, 30, 2572)
(79, 18, 2348)
(80, 51, 4185)
(80, 37, 4884)
(80, 6, 5097)
(80, 19, 718)
(80, 56, 784)
(80, 29, 5395)
(80, 26, 5022)
(80, 39, 2930)
(80, 69, 3085)
(80, 67, 4390)
(80, 21, 1431)
(80, 57, 3460)
(80, 18, 5187)
(80, 30, 5672)
(80, 2, 280)
(80, 42, 3804)
(80, 14, 1758)
(80, 75, 3819)
(80, 34, 6132)
(80, 7, 1894)
(80, 48, 3443)
(80, 59, 3324)
(80, 52, 2892)
(80, 70, 432)
(80, 78, 2913)
(80, 13, 4839)
(80, 58, 5275)
(80, 64, 133)
(80, 55, 1343)
(80, 33, 2876)
(80, 62, 6603)
(80, 23, 2968)
(80, 61, 5465)
(80, 9, 6016)
(80, 63, 2154)
(80, 3, 553)
(80, 71, 63)
(80, 11, 2226)
(80, 16, 6360)
(80, 32, 6260)
(80, 20, 6309)
(80, 24, 1998)
(80, 79, 1391)
(80, 65, 6361)
(80, 40, 2418)
(80, 45, 6073)
(80, 46, 4342)
(80, 10, 4824)
(80, 36, 6352)
(80, 25, 2290)
(80, 73, 1085)
(80, 12, 2495)
(80, 66, 1199)
(80, 35, 1494)
(80, 68, 6078)
(80, 76, 1279)
(80, 44, 5380)
(80, 28, 3681)
(80, 4, 2170)
(80, 41, 3992)
(80, 54, 6072)
(80, 49, 3013)
(80, 17, 2992)
(80, 8, 2586)
(80, 1, 681)
(80, 15, 1503)
(80, 74, 1528)
(80, 22, 376)
(80, 27, 4942)
(80, 5, 3862)
(80, 31, 672)
(80, 38, 5515)
(80, 72, 2057)
(80, 77, 2901)
(80, 53, 4809)
(80, 50, 2075)
(80, 47, 5796)
(81, 50, 5605)
(81, 34, 780)
(81, 14, 2770)
(81, 43, 1042)
(81, 3, 5159)
(81, 64, 6100)
(81, 77, 2195)
(81, 70, 105)
(81, 68, 3270)
(81, 7, 2092)
(81, 8, 2826)
(81, 66, 5811)
(81, 44, 6569)
(81, 61, 4640)
(81, 69, 1390)
(81, 51, 4051)
(81, 58, 3710)
(81, 31, 5005)
(81, 0, 405)
(81, 25, 2328)
(82, 3, 2110)
(82, 41, 5918)
(82, 75, 3976)
(82, 78, 5720)
(82, 76, 1718)
(82, 34, 5233)
(82, 23, 4019)
(82, 54, 4163)
(82, 17, 4263)
(82, 47, 6548)
(82, 66, 1897)
(82, 36, 248)
(82, 9, 1347)
(82, 6, 3511)
(82, 46, 6581)
(82, 13, 3289)
(82, 39, 2428)
(82, 19, 835)
(82, 50, 4205)
(82, 45, 4411)
(82, 33, 492)
(82, 28, 3657)
(82, 29, 5171)
(82, 49, 3202)
(82, 77, 5887)
(82, 67, 5898)
(82, 32, 2510)
(82, 60, 3441)
(82, 35, 5191)
(82, 5, 6123)
(82, 71, 1435)
(82, 56, 653)
(82, 30, 1932)
(82, 81, 3082)
(82, 7, 4023)
(82, 58, 5603)
(82, 42, 3175)
(82, 65, 1794)
(82, 24, 5741)
(82, 38, 3857)
(82, 31, 3027)
(82, 26, 2147)
(82, 15, 2706)
(82, 22, 3573)
(82, 61, 3097)
(82, 27, 1535)
(82, 1, 3139)
(82, 57, 394)
(82, 69, 569)
(83, 4, 592)
(83, 50, 2160)
(83, 51, 4398)
(83, 76, 4892)
(83, 57, 5568)
(83, 69, 1067)
(83, 70, 5375)
(83, 80, 4422)
(83, 8, 6031)
(83, 12, 5715)
(83, 59, 902)
(83, 82, 3323)
(83, 33, 62)
(83, 78, 5542)
(83, 63, 4962)
(83, 66, 2474)
(83, 14, 5182)
(83, 37, 5846)
(83, 34, 4470)
(83, 18, 651)
(83, 26, 2758)
(83, 19, 5306)
(83, 73, 3634)
(83, 38, 3546)
(83, 44, 3964)
(83, 40, 4740)
(83, 58, 1081)
(83, 62, 1252)
(83, 28, 1440)
(83, 27, 1265)
(83, 5, 6292)
(83, 60, 4203)
(83, 39, 1334)
(83, 61, 6127)
(83, 65, 4257)
(83, 77, 3784)
(83, 2, 1678)
(83, 32, 1164)
(83, 81, 4200)
(83, 16, 3888)
(83, 46, 3777)
(83, 11, 1270)
(83, 55, 3020)
(83, 48, 2599)
(83, 53, 1913)
(83, 21, 5951)
(83, 79, 6104)
(83, 23, 6441)
(83, 22, 58)
(83, 41, 3480)
(83, 36, 4610)
(83, 17, 5986)
(83, 64, 3180)
(83, 74, 4466)
(83, 9, 3514)
(83, 24, 340)
(83, 1, 6161)
(83, 56, 6582)
(83, 52, 4612)
(83, 43, 5067)
(83, 45, 4404)
(83, 20, 2850)
(83, 47, 3062)
(83, 7, 497)
(83, 13, 3529)
(83, 25, 4273)
(83, 72, 3699)
(83, 54, 1854)
(83, 10, 1141)
(83, 71, 5820)
(83, 6, 704)
(83, 15, 6077)
(83, 30, 3541)
(83, 35, 5420)
(83, 75, 5102)
(83, 42, 3684)
(83, 67, 26)
(83, 3, 819)
(83, 49, 2100)
(83, 0, 6010)
(83, 68, 1536)
(83, 31, 3636)
(84, 60, 1211)
(84, 78, 4031)
(84, 33, 3555)
(84, 39, 5152)
(84, 21, 4965)
(84, 23, 1090)
(84, 35, 5137)
(84, 37, 1807)
(84, 72, 618)
(84, 70, 6230)
(84, 54, 2897)
(84, 2, 1384)
(84, 77, 3986)
(84, 44, 5702)
(84, 31, 588)
(85, 10, 350)
(85, 79, 779)
(85, 42, 247)
(85, 20, 5095)
(85, 59, 5883)
(86, 26, 5668)
(86, 39, 824)
(86, 78, 1459)
(86, 15, 4144)
(86, 67, 2898)
(86, 3, 845)
(86, 14, 338)
(86, 77, 4471)
(86, 36, 3160)
(86, 6, 3691)
(86, 57, 5949)
(86, 69, 417)
(86, 62, 4007)
(86, 54, 501)
(86, 13, 4636)
(86, 46, 6459)
(86, 82, 4032)
(86, 49, 284)
(86, 21, 5235)
(86, 59, 4162)
(86, 31, 5453)
(86, 1, 5745)
(86, 47, 3720)
(86, 17, 6088)
(86, 53, 352)
(86, 52, 1599)
(86, 4, 5713)
(86, 0, 4711)
(86, 20, 1636)
(86, 63, 4119)
(86, 50, 2933)
(86, 79, 5070)
(86, 76, 5178)
(86, 74, 6550)
(86, 7, 3496)
(86, 28, 6248)
(86, 23, 1432)
(86, 60, 3482)
(86, 25, 6495)
(86, 80, 1604)
(86, 58, 3932)
(86, 10, 1571)
(86, 44, 2181)
(86, 27, 2187)
(86, 85, 241)
(86, 32, 3129)
(86, 2, 1296)
(86, 11, 2584)
(86, 12, 2843)
(86, 75, 638)
(86, 45, 4993)
(86, 55, 6024)
(86, 71, 3407)
(86, 16, 5777)
(86, 48, 4110)
(86, 72, 5105)
(86, 19, 1490)
(86, 84, 6609)
(86, 30, 4637)
(86, 34, 4382)
(86, 24, 1108)
(86, 70, 5875)
(86, 18, 6541)
(86, 33, 4033)
(87, 8, 1731)
(87, 53, 6171)
(87, 29, 183)
(87, 47, 1594)
(87, 43, 1125)
(87, 7, 5646)
(87, 23, 1876)
(88, 51, 5597)
(88, 83, 1903)
(88, 7, 696)
(88, 32, 2753)
(88, 47, 4643)
(88, 59, 3052)
(88, 76, 1491)
(88, 54, 3994)
(88, 50, 3818)
(88, 66, 5074)
(88, 29, 3427)
(88, 30, 2696)
(88, 62, 175)
(88, 22, 1537)
(88, 67, 3528)
(88, 14, 5044)
(88, 24, 3045)
(88, 9, 3579)
(88, 45, 4386)
(88, 75, 3675)
(88, 12, 2051)
(88, 74, 2725)
(88, 5, 4873)
(88, 35, 1773)
(88, 41, 5857)
(88, 78, 3392)
(88, 64, 5434)
(88, 8, 2275)
(88, 38, 4777)
(88, 70, 684)
(88, 86, 3109)
(88, 1, 4575)
(88, 55, 1941)
(88, 40, 4353)
(88, 46, 6588)
(88, 72, 4618)
(88, 37, 3168)
(88, 87, 4753)
(88, 44, 1045)
(88, 10, 721)
(88, 49, 3269)
(88, 85, 3629)
(88, 48, 5526)
(88, 18, 2171)
(88, 58, 942)
(88, 43, 5456)
(88, 3, 6520)
(88, 6, 3551)
(88, 77, 118)
(88, 65, 5300)
(88, 39, 1724)
(88, 84, 5712)
(88, 82, 1841)
(88, 25, 5669)
(88, 20, 2961)
(88, 53, 3955)
(88, 28, 2313)
(88, 71, 337)
(88, 15, 4736)
(88, 21, 4298)
(88, 13, 5172)
(88, 63, 5035)
(88, 73, 2652)
(88, 4, 4831)
(88, 31, 4587)
(88, 60, 1057)
(88, 27, 6363)
(88, 2, 4102)
(88, 11, 4553)
(88, 36, 249)
(88, 52, 2256)
(88, 0, 6244)
(88, 81, 2714)
(88, 61, 1365)
(88, 23, 4724)
(88, 16, 6607)
(88, 19, 2987)
(88, 56, 5655)
(88, 80, 6354)
(88, 33, 3404)
(88, 42, 294)
(88, 26, 1322)
(88, 17, 2675)
(88, 69, 668)
(88, 57, 1499)
(89, 77, 699)
(89, 11, 4397)
(89, 28, 2468)
(89, 31, 1477)
(89, 0, 3598)
(89, 43, 5344)
(89, 8, 1353)
(89, 80, 5667)
(89, 83, 735)
(89, 53, 4462)
(89, 3, 953)
(89, 55, 2227)
(89, 76, 4000)
(89, 59, 84)
(89, 86, 4409)
(89, 61, 4856)
(89, 4, 130)
(89, 81, 2263)
(89, 64, 5889)
(89, 12, 2218)
(89, 33, 5823)
(89, 7, 5998)
(89, 2, 5865)
(89, 18, 1011)
(89, 57, 5383)
(89, 17, 1737)
(89, 78, 1719)
(90, 69, 6262)
(90, 14, 4830)
(90, 19, 267)
(90, 16, 642)
(90, 48, 3056)
(90, 82, 2279)
(90, 78, 3462)
(90, 10, 5754)
(90, 79, 6113)
(90, 34, 4950)
(90, 72, 3326)
(90, 12, 2059)
(90, 56, 3271)
(90, 22, 4143)
(90, 1, 1827)
(90, 61, 6017)
(90, 7, 3193)
(90, 87, 3882)
(90, 68, 3756)
(90, 57, 5088)
(90, 38, 4622)
(90, 71, 264)
(90, 74, 1910)
(90, 15, 3209)
(90, 73, 740)
(90, 5, 5601)
(90, 26, 3908)
(90, 88, 4191)
(90, 50, 2995)
(90, 8, 3834)
(90, 60, 3934)
(90, 46, 2293)
(90, 49, 2305)
(90, 24, 4969)
(90, 25, 1449)
(90, 76, 5464)
(90, 27, 2501)
(90, 86, 3340)
(90, 33, 2974)
(90, 2, 6342)
(90, 6, 1137)
(90, 45, 6012)
(90, 80, 3850)
(90, 21, 1104)
(90, 59, 700)
(90, 85, 5100)
(90, 70, 4511)
(90, 75, 6376)
(90, 18, 895)
(90, 64, 2760)
(90, 67, 6178)
(90, 77, 715)
(90, 83, 3393)
(90, 52, 2017)
(90, 4, 840)
(90, 63, 2790)
(90, 65, 747)
(90, 23, 6328)
(90, 13, 5452)
(90, 32, 4124)
(90, 43, 5398)
(90, 29, 2028)
(90, 0, 1574)
(90, 44, 6168)
(90, 11, 577)
(90, 39, 5494)
(90, 84, 3899)
(90, 31, 4361)
(90, 40, 5784)
(90, 81, 5166)
(90, 42, 5516)
(90, 55, 716)
(90, 28, 6089)
(90, 53, 6453)
(90, 41, 1769)
(90, 30, 5482)
(90, 3, 5246)
(90, 36, 3121)
(90, 51, 3655)
(90, 47, 454)
(90, 58, 4704)
(90, 9, 4349)
(91, 50, 448)
(91, 57, 5761)
(91, 51, 5909)
(91, 18, 3339)
(91, 55, 3402)
(91, 74, 5514)
(91, 22, 1945)
(91, 39, 4819)
(91, 81, 4951)
(91, 78, 5211)
(91, 88, 5157)
(91, 67, 3938)
(91, 76, 5122)
(91, 23, 1551)
(91, 0, 5867)
(91, 86, 2649)
(91, 82, 1934)
(91, 33, 666)
(92, 42, 5059)
(92, 71, 814)
(92, 77, 6386)
(92, 9, 4985)
(92, 51, 6577)
(92, 7, 2002)
(92, 10, 1866)
(92, 78, 5058)
(92, 61, 4678)
(92, 39, 3959)
(92, 49, 5006)
(92, 37, 599)
(92, 90, 1249)
(92, 1, 3491)
(92, 12, 2975)
(92, 2, 3177)
(92, 3, 4320)
(92, 18, 2871)
(92, 82, 275)
(92, 73, 4312)
(92, 85, 2001)
(92, 81, 3758)
(92, 68, 5340)
(92, 8, 5989)
(92, 25, 3751)
(92, 89, 5468)
(92, 66, 3966)
(92, 87, 15)
(92, 58, 223)
(92, 55, 4693)
(92, 15, 2429)
(92, 21, 5517)
(92, 19, 4072)
(92, 28, 3439)
(92, 36, 5691)
(92, 35, 4498)
(92, 14, 1079)
(92, 23, 3225)
(92, 70, 57)
(92, 47, 989)
(92, 16, 2061)
(92, 13, 1924)
(92, 60, 4956)
(92, 53, 6505)
(92, 80, 180)
(92, 30, 1193)
(92, 91, 1225)
(92, 20, 5586)
(92, 54, 6097)
(92, 31, 2556)
(92, 56, 3827)
(92, 33, 5570)
(92, 41, 3949)
(92, 17, 2029)
(92, 65, 3645)
(92, 32, 4406)
(92, 5, 3044)
(92, 83, 520)
(93, 33, 546)
(93, 36, 1041)
(93, 78, 1557)
(93, 72, 1326)
(93, 85, 926)
(93, 38, 3560)
(93, 73, 5018)
(93, 1, 4893)
(93, 62, 6438)
(93, 41, 1488)
(93, 59, 1438)
(93, 92, 4617)
(93, 2, 2833)
(94, 84, 5872)
(94, 67, 14)
(94, 15, 3824)
(94, 8, 4092)
(94, 59, 6110)
(94, 62, 3635)
(94, 44, 6003)
(94, 7, 5677)
(94, 75, 5417)
(94, 50, 3420)
(94, 91, 2163)
(94, 72, 2841)
(94, 90, 5884)
(94, 22, 2755)
(94, 0, 3022)
(94, 26, 3783)
(94, 13, 1167)
(94, 45, 4488)
(94, 88, 4606)
(94, 89, 5324)
(94, 68, 2194)
(94, 28, 6238)
(94, 36, 1472)
(94, 61, 1601)
(94, 51, 1195)
(94, 47, 4669)
(94, 73, 3876)
(94, 82, 1813)
(94, 37, 1770)
(94, 49, 90)
(94, 21, 1820)
(94, 23, 1716)
(94, 25, 3347)
(94, 52, 1746)
(94, 78, 5939)
(94, 27, 4324)
(94, 80, 5643)
(94, 11, 2683)
(94, 43, 3616)
(94, 33, 4807)
(95, 53, 2272)
(95, 9, 2767)
(95, 51, 348)
(95, 58, 683)
(95, 37, 4614)
(95, 10, 2990)
(95, 52, 5995)
(95, 4, 6519)
(95, 76, 2067)
(95, 57, 5680)
(95, 38, 1592)
(95, 13, 1960)
(95, 94, 344)
(95, 17, 5117)
(95, 45, 6254)
(95, 86, 1178)
(95, 77, 5184)
(95, 26, 3851)
(95, 49, 4046)
(95, 91, 6069)
(95, 35, 4221)
(95, 90, 609)
(95, 93, 3197)
(95, 82, 5821)
(95, 89, 2980)
(95, 22, 2354)
(95, 70, 2186)
(95, 84, 1605)
(95, 85, 1714)
(95, 44, 2795)
(95, 69, 4500)
(95, 16, 6404)
(95, 27, 162)
(95, 78, 4441)
(95, 20, 256)
(95, 61, 427)
(95, 34, 1982)
(95, 64, 2779)
(95, 28, 6302)
(95, 24, 1423)
(95, 2, 3866)
(95, 63, 3548)
(95, 79, 1021)
(95, 8, 1666)
(95, 41, 2821)
(95, 80, 1684)
(95, 23, 766)
(95, 33, 1665)
(95, 0, 2825)
(95, 65, 6137)
(95, 48, 4373)
(95, 31, 4671)
(95, 62, 6256)
(95, 71, 4664)
(95, 14, 5391)
(95, 6, 83)
(95, 75, 5806)
(95, 46, 3625)
(95, 74, 192)
(95, 15, 2365)
(95, 36, 1160)
(95, 7, 1387)
(95, 1, 2291)
(95, 67, 2802)
(95, 3, 1089)
(95, 39, 6153)
(95, 5, 1320)
(95, 30, 645)
(95, 54, 3922)
(95, 11, 5444)
(95, 87, 6055)
(95, 55, 1693)
(95, 68, 5509)
(95, 25, 1154)
(95, 83, 1496)
(95, 47, 2811)
(95, 66, 3388)
(95, 40, 3156)
(95, 92, 6421)
(95, 60, 6195)
(95, 21, 112)
(95, 59, 4745)
(95, 18, 5139)
(95, 56, 3251)
(95, 88, 4749)
(95, 73, 2631)
(96, 45, 3031)
(96, 24, 5623)
(96, 11, 879)
(96, 50, 4656)
(96, 88, 2037)
(96, 70, 2905)
(97, 4, 4351)
(97, 17, 2934)
(97, 88, 240)
(97, 26, 1527)
(97, 91, 5442)
(97, 73, 2270)
(97, 84, 809)
(97, 30, 2399)
(97, 18, 1098)
(97, 20, 2277)
(97, 5, 434)
(97, 12, 4943)
(97, 87, 4995)
(97, 47, 5831)
(97, 71, 951)
(97, 77, 3945)
(97, 85, 6158)
(97, 46, 5690)
(97, 34, 5894)
(97, 56, 3731)
(97, 79, 2072)
(97, 82, 4751)
(97, 39, 4763)
(97, 36, 3446)
(97, 14, 4120)
(97, 70, 3562)
(97, 69, 5957)
(97, 24, 5316)
(97, 60, 756)
(97, 90, 4142)
(97, 92, 2237)
(98, 67, 919)
(98, 15, 2432)
(98, 40, 5295)
(98, 68, 770)
(98, 46, 5438)
(98, 25, 4899)
(98, 90, 4604)
(98, 41, 6056)
(98, 34, 1364)
(98, 47, 5292)
(98, 48, 4131)
(98, 97, 3606)
(98, 7, 100)
(98, 26, 4875)
(98, 20, 2236)
(98, 60, 1573)
(98, 73, 347)
(98, 65, 1444)
(98, 54, 1735)
(98, 27, 2525)
(98, 61, 4152)
(98, 80, 2637)
(98, 22, 4542)
(98, 28, 1745)
(98, 88, 1583)
(98, 3, 5709)
(98, 75, 4836)
(98, 18, 2425)
(98, 71, 1086)
(98, 36, 385)
(98, 5, 4719)
(98, 95, 3317)
(98, 79, 976)
(98, 91, 896)
(98, 62, 1359)
(98, 1, 6293)
(98, 13, 5096)
(98, 69, 5686)
(98, 87, 2539)
(98, 89, 3063)
(98, 83, 6059)
(98, 63, 5227)
(98, 64, 5343)
(98, 38, 3196)
(98, 31, 395)
(98, 17, 6307)
(98, 72, 708)
(98, 66, 3257)
(98, 82, 3734)
(98, 14, 2198)
(98, 30, 698)
(98, 45, 3246)
(98, 24, 3154)
(98, 81, 2931)
(98, 43, 2565)
(98, 53, 6374)
(98, 21, 1603)
(98, 32, 171)
(98, 70, 619)
(98, 96, 6324)
(98, 59, 1602)
(98, 0, 6134)
(98, 78, 621)
(98, 50, 5626)
(98, 44, 5478)
(99, 53, 5576)
(99, 55, 2465)
(99, 51, 2536)
(99, 75, 2427)
(99, 73, 1778)
(99, 46, 5946)
(99, 69, 6568)
(99, 44, 5013)
(99, 90, 6084)
(99, 2, 1545)
(99, 34, 488)
(99, 35, 5990)
(99, 22, 1942)
(99, 58, 5812)
(99, 13, 5563)
(99, 64, 6216)
(99, 57, 2852)
(99, 91, 5678)
(99, 70, 1761)
(99, 9, 2872)
(99, 92, 6341)
(99, 52, 850)
(99, 66, 2179)
(99, 18, 6236)
(99, 40, 3418)
(100, 87, 545)
(100, 3, 6276)
(100, 70, 2144)
(100, 51, 77)
(100, 6, 1793)
(100, 98, 763)
(100, 2, 3492)
(100, 52, 1233)
(100, 24, 4069)
(100, 88, 4255)
(100, 11, 6009)
(100, 39, 4928)
(100, 48, 5342)
(100, 69, 6576)
(100, 17, 5944)
(100, 64, 5491)
(100, 97, 4232)
(100, 55, 5536)
(100, 95, 4065)
(100, 38, 3283)
(100, 21, 4424)
(100, 78, 4113)
(100, 91, 6373)
(100, 67, 2047)
(100, 59, 5689)
(100, 36, 6112)
(100, 58, 2054)
(100, 18, 5249)
(100, 47, 87)
(100, 72, 673)
(100, 93, 1970)
(100, 7, 4789)
(100, 90, 1648)
(100, 8, 1099)
(100, 83, 1447)
(100, 73, 2693)
(100, 20, 5244)
(100, 46, 2885)
(100, 86, 334)
(100, 62, 1873)
(100, 45, 962)
(100, 89, 5999)
(100, 35, 468)
(100, 44, 159)
(100, 13, 5906)
(100, 41, 889)
(100, 50, 4465)
(100, 27, 343)
(100, 68, 2042)
(100, 42, 5532)
(100, 75, 2978)
(100, 60, 2886)
(101, 92, 4506)
(101, 28, 2454)
(101, 80, 703)
(101, 77, 2492)
(101, 65, 125)
(101, 55, 5639)
(101, 51, 4190)
(101, 96, 4967)
(101, 85, 2081)
(101, 6, 3426)
(101, 95, 6366)
(101, 45, 6346)
(101, 22, 5168)
(101, 53, 5862)
(101, 97, 6321)
(101, 87, 5719)
(101, 66, 564)
(101, 8, 1266)
(101, 59, 6551)
(101, 10, 5620)
(101, 48, 111)
(101, 70, 1124)
(101, 42, 431)
(101, 63, 5322)
(101, 91, 1874)
(101, 30, 2382)
(101, 39, 3708)
(101, 11, 5525)
(101, 62, 3442)
(101, 41, 3859)
(101, 20, 516)
(101, 13, 601)
(101, 35, 1690)
(101, 37, 205)
(101, 43, 3682)
(101, 34, 4784)
(101, 46, 2607)
(101, 71, 620)
(101, 26, 1497)
(101, 54, 4198)
(101, 75, 2727)
(101, 24, 568)
(101, 38, 109)
(101, 32, 134)
(101, 82, 4410)
(101, 21, 4057)
(101, 40, 3711)
(101, 18, 4379)
(101, 74, 3843)
(101, 17, 686)
(101, 56, 6291)
(101, 7, 6484)
(101, 4, 6611)
(101, 69, 5574)
(101, 12, 5948)
(101, 60, 6340)
(101, 29, 3008)
(101, 27, 5451)
(101, 9, 4071)
(101, 100, 2508)
(101, 23, 1669)
(101, 0, 4543)
(101, 76, 534)
(101, 64, 1800)
(101, 98, 1656)
(101, 33, 1582)
(101, 73, 6172)
(101, 47, 4088)
(101, 36, 3261)
(101, 83, 3753)
(101, 68, 1448)
(102, 7, 1385)
(102, 74, 169)
(102, 12, 2787)
(102, 58, 3331)
(102, 53, 855)
(102, 75, 3797)
(102, 3, 2708)
(102, 73, 1272)
(102, 54, 5009)
(102, 29, 4771)
(102, 37, 5554)
(102, 38, 1309)
(102, 48, 1026)
(102, 16, 5036)
(102, 59, 3350)
(102, 4, 2284)
(102, 47, 5237)
(102, 72, 309)
(102, 80, 2705)
(102, 40, 2378)
(102, 46, 1563)
(102, 10, 3061)
(102, 91, 5039)
(102, 101, 3172)
(102, 55, 233)
(102, 43, 5577)
(102, 20, 5121)
(102, 52, 1659)
(102, 42, 3170)
(102, 28, 3399)
(102, 17, 374)
(102, 93, 5743)
(102, 88, 3518)
(102, 69, 595)
(102, 94, 6538)
(102, 84, 4846)
(102, 9, 4802)
(102, 15, 5636)
(102, 49, 1321)
(102, 25, 2585)
(102, 24, 3132)
(102, 92, 6599)
(102, 79, 6331)
(102, 71, 887)
(102, 23, 3956)
(102, 8, 4174)
(102, 22, 3409)
(102, 70, 1191)
(102, 67, 1595)
(102, 98, 6339)
(102, 90, 633)
(102, 19, 2012)
(102, 31, 5193)
(102, 30, 1316)
(102, 36, 25)
(102, 6, 3164)
(102, 35, 1814)
(102, 81, 682)
(102, 41, 4698)
(102, 62, 217)
(102, 26, 1474)
(102, 83, 3745)
(102, 95, 4861)
(102, 60, 1836)
(102, 66, 365)
(102, 13, 5208)
(102, 51, 1643)
(102, 63, 5592)
(102, 57, 2902)
(102, 64, 6175)
(102, 65, 2877)
(102, 18, 3670)
(103, 6, 2566)
(103, 37, 786)
(103, 76, 4327)
(103, 42, 2021)
(103, 56, 3357)
(103, 28, 4869)
(103, 45, 1777)
(103, 54, 5261)
(103, 82, 358)
(103, 49, 2127)
(103, 58, 5446)
(103, 83, 1564)
(103, 40, 69)
(103, 50, 6272)
(103, 52, 6450)
(103, 46, 525)
(103, 64, 4649)
(104, 82, 202)
(104, 26, 3654)
(104, 78, 136)
(104, 66, 5216)
(104, 49, 1403)
(104, 14, 930)
(104, 91, 5252)
(104, 17, 3733)
(104, 7, 4944)
(104, 70, 1990)
(104, 52, 243)
(104, 67, 3059)
(104, 0, 1540)
(104, 53, 6231)
(104, 83, 2502)
(104, 37, 4272)
(104, 48, 6294)
(104, 33, 3653)
(104, 41, 1641)
(104, 65, 4338)
(104, 79, 1427)
(104, 97, 3313)
(104, 76, 3623)
(104, 36, 6573)
(104, 80, 4047)
(104, 61, 6096)
(104, 100, 503)
(104, 69, 1039)
(104, 64, 3924)
(104, 75, 3516)
(104, 59, 3147)
(104, 71, 50)
(104, 54, 3969)
(104, 13, 2805)
(104, 42, 1627)
(104, 51, 831)
(104, 35, 3916)
(104, 2, 1631)
(104, 86, 3093)
(104, 21, 1747)
(104, 43, 210)
(104, 24, 4988)
(104, 99, 4540)
(104, 8, 1860)
(104, 62, 4337)
(104, 95, 1616)
(104, 84, 1013)
(104, 50, 1517)
(104, 85, 1354)
(104, 31, 151)
(104, 46, 905)
(104, 19, 3563)
(104, 73, 5947)
(104, 45, 3084)
(104, 30, 6201)
(104, 96, 899)
(104, 28, 999)
(104, 58, 1572)
(104, 98, 3841)
(104, 92, 1168)
(104, 93, 1003)
(104, 27, 3184)
(104, 32, 1172)
(104, 20, 6566)
(104, 4, 4123)
(104, 60, 3422)
(104, 81, 4357)
(104, 44, 6173)
(104, 40, 4501)
(104, 3, 2827)
(104, 90, 2437)
(104, 94, 95)
(104, 22, 1271)
(104, 47, 6221)
(104, 5, 146)
(104, 55, 3016)
(104, 74, 2316)
(104, 56, 5726)
(104, 89, 555)
(104, 38, 362)
(104, 87, 865)
(104, 72, 3311)
(104, 63, 627)
(104, 16, 3746)
(104, 15, 2421)
(104, 34, 5972)
(104, 68, 4236)
(104, 101, 1498)
(104, 6, 3837)
(104, 103, 4723)
(104, 23, 2322)
(104, 57, 6587)
(104, 18, 3481)
(104, 25, 4838)
(104, 1, 1887)
(104, 29, 4375)
(104, 39, 3473)
(104, 77, 5782)
(105, 16, 4248)
(105, 90, 3222)
(105, 9, 2422)
(105, 20, 3747)
(105, 94, 2356)
(105, 74, 4996)
(105, 80, 2831)
(105, 98, 4227)
(105, 30, 541)
(105, 3, 406)
(105, 7, 3068)
(106, 65, 2945)
(106, 67, 227)
(106, 100, 276)
(106, 53, 4737)
(106, 84, 1966)
(106, 92, 6310)
(106, 35, 560)
(106, 1, 795)
(106, 24, 3178)
(106, 0, 6439)
(106, 50, 6369)
(106, 82, 6219)
(106, 44, 5671)
(106, 20, 5860)
(106, 49, 5082)
(106, 85, 1110)
(106, 78, 3005)
(106, 18, 2824)
(106, 8, 6264)
(106, 5, 1729)
(106, 27, 3550)
(106, 61, 1703)
(106, 69, 655)
(106, 48, 4347)
(106, 12, 4670)
(106, 79, 3050)
(106, 93, 914)
(106, 39, 817)
(106, 57, 5992)
(106, 52, 1006)
(106, 101, 3787)
(106, 60, 6377)
(106, 32, 1864)
(106, 25, 2055)
(106, 97, 1805)
(106, 90, 5764)
(106, 47, 308)
(106, 86, 321)
(106, 81, 1553)
(106, 88, 2140)
(106, 96, 1692)
(106, 91, 6233)
(106, 14, 1520)
(106, 31, 2107)
(106, 3, 5695)
(106, 38, 5083)
(106, 94, 1598)
(106, 59, 3807)
(106, 54, 5041)
(106, 30, 5878)
(106, 7, 3024)
(106, 80, 75)
(106, 83, 5483)
(106, 72, 2513)
(106, 63, 2238)
(106, 98, 1560)
(106, 41, 3693)
(106, 34, 5219)
(106, 66, 5581)
(106, 42, 5845)
(106, 64, 6111)
(106, 95, 473)
(106, 37, 2026)
(106, 51, 5681)
(106, 62, 2078)
(106, 19, 3477)
(106, 105, 1505)
(106, 33, 4539)
(106, 76, 4743)
(106, 55, 6080)
(106, 70, 5698)
(106, 26, 3468)
(106, 46, 2699)
(106, 15, 3662)
(106, 36, 5899)
(106, 17, 702)
(106, 71, 2379)
(106, 28, 6209)
(106, 11, 6085)
(106, 13, 4927)
(106, 58, 2650)
(106, 73, 4447)
(106, 23, 1991)
(106, 9, 774)
(106, 102, 306)
(106, 68, 6393)
(106, 77, 1080)
(106, 99, 4876)
(106, 40, 3773)
(106, 45, 3705)
(106, 16, 6474)
(106, 10, 4036)
(106, 2, 1174)
(106, 29, 4795)
(106, 103, 3515)
(106, 4, 3456)
(106, 104, 1351)
(106, 21, 4710)
(106, 56, 533)
(106, 22, 2609)
(106, 75, 783)
(106, 87, 623)
(107, 106, 4615)
(107, 32, 5407)
(107, 77, 4454)
(107, 40, 5836)
(107, 79, 2064)
(107, 49, 3377)
(107, 64, 4164)
(107, 87, 4269)
(107, 34, 213)
(107, 61, 3858)
(107, 38, 665)
(107, 54, 6482)
(107, 7, 1153)
(107, 86, 5359)
(107, 1, 933)
(107, 99, 199)
(107, 44, 5379)
(107, 51, 3390)
(107, 12, 4310)
(107, 35, 4148)
(107, 55, 4058)
(107, 67, 1361)
(107, 30, 5423)
(107, 76, 1774)
(107, 26, 2035)
(107, 18, 5287)
(107, 4, 3509)
(107, 17, 6437)
(107, 16, 6196)
(107, 11, 6584)
(107, 27, 5180)
(107, 5, 2302)
(107, 72, 1853)
(107, 15, 6304)
(107, 47, 2447)
(107, 57, 3875)
(107, 46, 2088)
(107, 10, 3993)
(107, 78, 1487)
(107, 70, 2754)
(107, 28, 6102)
(107, 52, 5052)
(107, 39, 3510)
(107, 104, 5662)
(107, 105, 728)
(107, 74, 4045)
(107, 89, 103)
(107, 53, 4887)
(107, 14, 782)
(107, 83, 6524)
(107, 82, 4913)
(107, 22, 6471)
(107, 23, 4420)
(107, 85, 1552)
(107, 73, 2882)
(107, 103, 2670)
(107, 41, 291)
(107, 69, 1533)
(107, 0, 4099)
(107, 45, 2663)
(107, 24, 1220)
(107, 13, 798)
(107, 2, 2411)
(107, 58, 2891)
(107, 63, 849)
(107, 97, 1337)
(107, 93, 519)
(107, 68, 5808)
(107, 60, 3378)
(107, 84, 515)
(107, 56, 4549)
(107, 90, 1290)
(107, 100, 5731)
(107, 81, 2158)
(107, 19, 2866)
(107, 96, 198)
(107, 42, 286)
(108, 50, 5911)
(108, 52, 3947)
(108, 71, 104)
(108, 75, 5104)
(108, 40, 3189)
(108, 106, 5683)
(108, 57, 4284)
(108, 25, 1617)
(108, 54, 6319)
(108, 32, 3906)
(108, 49, 1726)
(108, 6, 2168)
(108, 66, 1464)
(108, 92, 5793)
(109, 12, 871)
(109, 57, 5276)
(109, 59, 3469)
(109, 36, 6499)
(109, 54, 6388)
(109, 96, 6596)
(109, 37, 3146)
(109, 20, 4533)
(109, 98, 2485)
(109, 64, 184)
(109, 89, 4957)
(109, 99, 4881)
(109, 53, 3890)
(109, 4, 3406)
(109, 104, 4017)
(109, 25, 4510)
(109, 108, 2173)
(109, 78, 3613)
(109, 91, 132)
(109, 3, 5132)
(109, 82, 578)
(109, 56, 579)
(109, 88, 2269)
(109, 80, 5481)
(109, 26, 3769)
(109, 29, 6037)
(109, 51, 3474)
(109, 33, 3846)
(109, 72, 6503)
(109, 44, 67)
(109, 50, 4814)
(109, 66, 1555)
(109, 103, 3998)
(109, 34, 6334)
(109, 5, 2514)
(109, 92, 5475)
(109, 79, 1420)
(109, 105, 4268)
(109, 97, 2101)
(109, 22, 3219)
(109, 35, 6412)
(109, 7, 1113)
(109, 85, 1667)
(109, 55, 6215)
(109, 70, 5181)
(109, 63, 3344)
(109, 62, 6372)
(109, 60, 3679)
(109, 102, 530)
(109, 48, 4647)
(109, 16, 5660)
(109, 61, 3072)
(109, 93, 6229)
(109, 24, 3116)
(109, 8, 6602)
(109, 75, 4903)
(109, 1, 4333)
(109, 65, 6145)
(109, 45, 3612)
(109, 39, 5664)
(109, 46, 345)
(109, 81, 6140)
(109, 67, 952)
(109, 28, 2243)
(109, 58, 1567)
(109, 87, 324)
(109, 41, 5226)
(109, 90, 4800)
(109, 14, 3540)
(109, 107, 5403)
(109, 27, 3188)
(109, 73, 5479)
(109, 71, 3801)
(109, 43, 678)
(109, 32, 3104)
(109, 11, 5037)
(109, 94, 3725)
(109, 38, 2847)
(109, 9, 2487)
(109, 74, 936)
(109, 100, 2294)
(109, 31, 4002)
(109, 0, 1529)
(109, 47, 4559)
(109, 95, 5780)
(109, 30, 4280)
(109, 23, 6419)
(109, 84, 2475)
(109, 15, 1344)
(109, 17, 1221)
(109, 68, 1163)
(109, 86, 2659)
(109, 21, 1806)
(109, 52, 4661)
(109, 77, 5406)
(109, 19, 4793)
(109, 6, 6378)
(109, 69, 2816)
(109, 42, 5213)
(109, 101, 5648)
(109, 76, 6593)
(109, 49, 4114)
(109, 83, 4752)
(110, 95, 4522)
(110, 84, 455)
(110, 65, 2994)
(110, 78, 5189)
(110, 11, 3700)
(110, 23, 440)
(110, 27, 4350)
(110, 15, 1727)
(110, 25, 2351)
(110, 48, 2244)
(110, 90, 2222)
(110, 42, 3364)
(110, 100, 2534)
(110, 106, 2518)
(110, 98, 1632)
(110, 12, 5649)
(110, 86, 685)
(110, 6, 49)
(110, 26, 1196)
(110, 16, 1585)
(110, 13, 1615)
(110, 0, 6120)
(110, 71, 236)
(110, 14, 954)
(110, 94, 287)
(110, 101, 5824)
(110, 32, 5448)
(110, 41, 6250)
(110, 52, 2984)
(110, 18, 1319)
(110, 73, 5881)
(110, 51, 4035)
(110, 40, 5386)
(110, 89, 6515)
(110, 31, 5447)
(110, 105, 781)
(110, 57, 6553)
(110, 20, 816)
(110, 69, 3300)
(110, 1, 4396)
(110, 30, 646)
(110, 68, 289)
(110, 103, 5325)
(110, 46, 4620)
(110, 87, 854)
(110, 10, 2337)
(110, 5, 137)
(110, 43, 5801)
(110, 9, 124)
(110, 81, 200)
(110, 19, 2969)
(110, 66, 987)
(110, 70, 3666)
(110, 77, 3762)
(110, 109, 476)
(110, 36, 4439)
(110, 80, 254)
(110, 54, 300)
(110, 102, 181)
(110, 62, 6381)
(110, 33, 2799)
(110, 93, 1916)
(110, 22, 6425)
(110, 34, 6050)
(110, 37, 4018)
(110, 50, 166)
(110, 91, 1150)
(110, 63, 3123)
(110, 35, 5919)
(110, 3, 4847)
(110, 47, 2389)
(110, 60, 4412)
(110, 97, 1455)
(111, 50, 3134)
(111, 3, 2076)
(111, 37, 98)
(111, 42, 6002)
(111, 90, 4653)
(111, 10, 691)
(111, 21, 6099)
(111, 31, 3120)
(111, 106, 3107)
(111, 33, 1815)
(111, 36, 2920)
(111, 109, 1285)
(111, 64, 694)
(111, 65, 2722)
(111, 77, 6428)
(111, 15, 6468)
(111, 71, 5744)
(111, 45, 5969)
(111, 46, 5994)
(111, 6, 3071)
(111, 97, 4485)
(111, 102, 3187)
(111, 49, 788)
(111, 48, 3333)
(111, 18, 4480)
(111, 82, 1005)
(111, 60, 2672)
(111, 105, 2835)
(111, 108, 4768)
(111, 98, 5245)
(111, 88, 152)
(111, 59, 279)
(111, 22, 3444)
(111, 67, 2906)
(111, 78, 2397)
(111, 55, 2455)
(111, 24, 3306)
(111, 58, 3368)
(111, 51, 4833)
(111, 74, 6447)
(111, 66, 593)
(111, 44, 2478)
(111, 81, 598)
(111, 52, 2361)
(111, 92, 904)
(111, 63, 4402)
(111, 9, 5722)
(111, 47, 1896)
(111, 62, 3138)
(111, 101, 2436)
(111, 35, 5888)
(111, 69, 552)
(111, 56, 3574)
(111, 110, 4577)
(111, 16, 2682)
(111, 41, 3649)
(111, 34, 4646)
(111, 40, 2122)
(111, 103, 631)
(111, 91, 1576)
(111, 104, 5589)
(111, 29, 177)
(111, 0, 2180)
(111, 94, 5055)
(111, 99, 3677)
(111, 57, 5711)
(111, 79, 5825)
(111, 17, 2570)
(111, 68, 1526)
(111, 96, 1542)
(111, 89, 2550)
(111, 86, 5279)
(111, 12, 3838)
(111, 11, 5028)
(111, 13, 6477)
(111, 84, 4835)
(111, 73, 3372)
(111, 76, 1482)
(111, 83, 5859)
(111, 4, 1819)
(111, 8, 4895)
(111, 85, 5975)
(111, 72, 3351)
(111, 100, 4984)
(111, 30, 2417)
(111, 7, 1138)
(111, 2, 1393)
(111, 107, 4384)
(112, 8, 3844)
(112, 33, 6275)
(112, 76, 2274)
(112, 19, 27)
(112, 17, 3735)
(112, 41, 4456)
(112, 88, 2717)
(112, 44, 2829)
(112, 69, 927)
(112, 74, 2130)
(112, 27, 5348)
(112, 35, 1020)
(112, 66, 1671)
(112, 49, 2004)
(112, 68, 23)
(112, 59, 1933)
(112, 80, 3315)
(112, 21, 1566)
(112, 11, 2738)
(112, 53, 689)
(112, 56, 4513)
(112, 58, 1810)
(112, 14, 856)
(112, 57, 123)
(112, 101, 4136)
(112, 87, 3438)
(112, 78, 6413)
(112, 18, 1785)
(112, 0, 2853)
(112, 93, 2334)
(112, 79, 3204)
(112, 70, 4560)
(112, 89, 4971)
(113, 38, 4759)
(113, 70, 3234)
(113, 52, 6130)
(113, 44, 5679)
(113, 43, 512)
(113, 57, 2278)
(113, 66, 5564)
(113, 6, 3498)
(113, 41, 28)
(113, 34, 1176)
(113, 103, 4376)
(114, 86, 3435)
(114, 91, 299)
(114, 72, 3185)
(114, 64, 2300)
(114, 61, 4352)
(114, 21, 1315)
(114, 112, 3835)
(114, 110, 5630)
(114, 17, 1614)
(114, 58, 5611)
(114, 32, 4974)
(114, 59, 1736)
(114, 13, 2884)
(114, 48, 1395)
(114, 26, 148)
(114, 85, 800)
(114, 107, 4939)
(114, 96, 2384)
(114, 10, 1012)
(114, 16, 4451)
(114, 41, 1973)
(114, 33, 5308)
(114, 37, 1787)
(114, 31, 4593)
(114, 5, 2623)
(114, 4, 5396)
(114, 78, 1530)
(114, 74, 2614)
(114, 28, 1114)
(114, 90, 2287)
(114, 7, 921)
(114, 43, 4808)
(114, 109, 6095)
(114, 18, 141)
(114, 0, 4314)
(114, 69, 4729)
(114, 60, 3722)
(114, 105, 5696)
(114, 89, 3455)
(114, 45, 5389)
(114, 97, 2912)
(114, 87, 3770)
(114, 103, 6288)
(114, 6, 4479)
(114, 35, 3292)
(114, 83, 1578)
(114, 75, 4811)
(114, 108, 5317)
(114, 65, 5530)
(114, 30, 3349)
(114, 62, 4644)
(114, 15, 4472)
(114, 42, 5558)
(114, 50, 3463)
(114, 68, 2480)
(114, 47, 906)
(114, 94, 332)
(114, 9, 3961)
(114, 99, 5937)
(114, 102, 4428)
(114, 34, 4677)
(114, 27, 4594)
(114, 55, 6442)
(114, 77, 48)
(114, 44, 2820)
(114, 46, 695)
(114, 57, 5206)
(114, 36, 4432)
(114, 101, 3191)
(114, 23, 3687)
(114, 81, 5299)
(114, 84, 4529)
(114, 39, 5432)
(114, 88, 566)
(114, 38, 5129)
(114, 111, 4886)
(114, 29, 4343)
(114, 20, 1927)
(114, 53, 5217)
(114, 95, 1428)
(114, 98, 2068)
(114, 11, 2145)
(114, 52, 3545)
(114, 24, 4455)
(114, 100, 5833)
(114, 113, 4413)
(114, 49, 3580)
(114, 2, 5657)
(114, 56, 3811)
(114, 73, 3417)
(114, 80, 4760)
(114, 14, 6462)
(114, 54, 6160)
(114, 66, 2471)
(114, 51, 2491)
(114, 40, 5053)
(114, 76, 2210)
(114, 12, 5210)
(114, 1, 2862)
(114, 67, 2654)
(114, 104, 826)
(114, 25, 2224)
(114, 63, 2060)
(114, 82, 4054)
(114, 8, 1175)
(114, 93, 372)
(114, 3, 5598)
(114, 79, 602)
(114, 70, 883)
(114, 19, 2710)
(114, 22, 2207)
(114, 92, 245)
(114, 71, 4015)
(114, 106, 4859)
