100
(1, 0, 2167)
(2, 1, 1149)
(2, 0, 123)
(3, 1, 162)
(4, 0, 3771)
(4, 3, 461)
(5, 1, 1073)
(5, 3, 332)
(6, 3, 397)
(6, 2, 4804)
(7, 3, 1798)
(7, 5, 1548)
(7, 0, 4880)
(8, 3, 856)
(8, 5, 3722)
(8, 4, 2440)
(9, 4, 545)
(9, 6, 1324)
(9, 7, 3305)
(9, 5, 1566)
(10, 3, 711)
(10, 1, 3577)
(10, 7, 1856)
(10, 9, 2089)
(10, 4, 2289)
(11, 6, 4960)
(11, 8, 4405)
(11, 2, 3387)
(11, 10, 931)
(11, 4, 2769)
(11, 5, 1256)
(11, 7, 4909)
(11, 1, 1085)
(11, 3, 2603)
(12, 0, 4644)
(13, 6, 278)
(13, 0, 4567)
(13, 7, 3559)
(13, 1, 740)
(14, 2, 1764)
(14, 10, 3142)
(14, 7, 2755)
(15, 8, 3316)
(15, 5, 3276)
(15, 1, 2695)
(15, 2, 3996)
(15, 12, 875)
(15, 3, 974)
(15, 10, 1334)
(15, 9, 4525)
(15, 14, 3815)
(15, 4, 4697)
(16, 8, 48)
(16, 12, 2932)
(16, 14, 1008)
(16, 4, 2196)
(16, 13, 2878)
(16, 10, 2120)
(16, 2, 3952)
(17, 1, 3817)
(17, 6, 4110)
(18, 2, 1396)
(18, 15, 4162)
(18, 11, 1221)
(18, 13, 2091)
(19, 1, 2929)
(19, 17, 2477)
(20, 17, 3523)
(20, 13, 846)
(20, 9, 2431)
(20, 0, 3784)
(20, 18, 4136)
(20, 4, 3461)
(20, 12, 3586)
(20, 2, 169)
(20, 16, 3734)
(20, 11, 3576)
(20, 1, 2792)
(20, 19, 3095)
(20, 8, 1020)
(21, 19, 3109)
(21, 20, 4873)
(21, 3, 1443)
(21, 6, 3074)
(21, 13, 472)
(21, 8, 2269)
(21, 4, 1130)
(21, 5, 4503)
(21, 0, 4842)
(22, 21, 1348)
(22, 4, 2749)
(22, 20, 656)
(22, 16, 3360)
(22, 6, 1877)
(22, 14, 2608)
(22, 5, 2468)
(22, 12, 1181)
(22, 11, 1707)
(22, 1, 948)
(22, 15, 2924)
(22, 0, 4302)
(22, 9, 700)
(22, 2, 3909)
(22, 10, 2503)
(22, 3, 3957)
(22, 13, 3826)
(22, 19, 838)
(22, 8, 1072)
(23, 3, 2739)
(23, 6, 1028)
(23, 21, 692)
(23, 16, 401)
(23, 20, 4022)
(23, 19, 4706)
(23, 10, 1867)
(23, 1, 2613)
(23, 0, 4508)
(23, 18, 4000)
(23, 22, 2779)
(23, 15, 4397)
(23, 5, 3442)
(23, 12, 4859)
(23, 17, 4417)
(23, 8, 3514)
(24, 8, 4288)
(24, 12, 3111)
(24, 0, 915)
(24, 11, 3701)
(24, 4, 1163)
(24, 15, 26)
(24, 2, 1463)
(24, 10, 1459)
(24, 22, 2797)
(24, 19, 2693)
(24, 7, 3690)
(24, 1, 2218)
(24, 16, 1741)
(24, 17, 1455)
(24, 3, 440)
(24, 21, 430)
(24, 23, 3049)
(24, 13, 4750)
(24, 14, 3420)
(24, 5, 1943)
(24, 9, 1784)
(24, 6, 2815)
(24, 20, 3544)
(25, 21, 174)
(25, 15, 4380)
(25, 4, 1862)
(25, 6, 2157)
(25, 0, 448)
(25, 5, 3101)
(25, 17, 2426)
(25, 19, 3910)
(26, 6, 3776)
(26, 14, 3436)
(26, 8, 3696)
(26, 21, 2329)
(26, 7, 815)
(26, 20, 653)
(27, 9, 4077)
(27, 19, 264)
(27, 22, 4879)
(27, 6, 1919)
(27, 0, 4963)
(27, 15, 2404)
(27, 18, 4796)
(27, 14, 4217)
(27, 4, 344)
(27, 2, 2916)
(27, 25, 4097)
(27, 5, 928)
(27, 10, 3911)
(27, 24, 4444)
(27, 13, 3072)
(27, 3, 4150)
(27, 11, 3505)
(27, 7, 98)
(27, 16, 2592)
(27, 8, 432)
(27, 20, 4360)
(27, 17, 2126)
(27, 12, 2406)
(27, 21, 3092)
(27, 1, 4193)
(27, 23, 4447)
(27, 26, 1296)
(28, 17, 2300)
(28, 5, 2512)
(28, 18, 3260)
(28, 10, 2627)
(28, 15, 4291)
(28, 22, 1663)
(28, 1, 967)
(28, 21, 139)
(28, 14, 1383)
(28, 6, 1052)
(28, 2, 772)
(28, 4, 2072)
(28, 16, 4480)
(28, 27, 3592)
(28, 0, 3589)
(28, 12, 3220)
(28, 25, 1564)
(28, 20, 862)
(29, 22, 1235)
(29, 9, 2806)
(29, 14, 1069)
(29, 28, 987)
(29, 3, 4306)
(29, 6, 1813)
(29, 25, 4955)
(29, 18, 758)
(29, 0, 2682)
(29, 20, 3126)
(29, 16, 4733)
(29, 1, 1854)
(29, 7, 324)
(29, 11, 2919)
(29, 17, 4442)
(29, 4, 3561)
(29, 13, 2136)
(29, 5, 3154)
(29, 26, 568)
(29, 2, 4222)
(29, 21, 1658)
(29, 23, 2134)
(29, 19, 1399)
(30, 26, 4781)
(30, 8, 1957)
(30, 25, 2324)
(30, 1, 1946)
(30, 14, 414)
(30, 6, 4037)
(30, 0, 4047)
(30, 27, 3412)
(30, 2, 1708)
(30, 11, 937)
(30, 21, 3917)
(30, 19, 4270)
(30, 18, 173)
(30, 29, 949)
(31, 29, 3770)
(31, 15, 4764)
(31, 9, 2553)
(31, 26, 4876)
(31, 25, 2152)
(31, 3, 1191)
(31, 22, 2766)
(31, 7, 2207)
(31, 4, 2737)
(31, 27, 2729)
(31, 21, 482)
(31, 18, 624)
(31, 8, 4375)
(31, 6, 208)
(31, 1, 4152)
(31, 0, 874)
(31, 28, 647)
(31, 24, 4531)
(31, 13, 562)
(31, 23, 3363)
(31, 14, 263)
(31, 5, 1781)
(31, 20, 1458)
(32, 24, 4415)
(32, 29, 4867)
(32, 31, 4423)
(32, 27, 3475)
(32, 14, 3413)
(32, 18, 3366)
(32, 11, 3065)
(32, 5, 4908)
(32, 8, 2491)
(32, 10, 2476)
(32, 9, 326)
(32, 22, 3159)
(32, 3, 1131)
(32, 6, 2325)
(32, 19, 3169)
(33, 31, 4936)
(33, 28, 4387)
(33, 21, 4241)
(33, 22, 4300)
(33, 0, 4795)
(33, 18, 1431)
(33, 3, 4017)
(33, 4, 25)
(33, 8, 3681)
(34, 7, 1242)
(34, 23, 2388)
(34, 11, 3401)
(34, 4, 4185)
(34, 9, 819)
(34, 33, 2110)
(34, 29, 3489)
(34, 5, 229)
(34, 32, 2923)
(34, 31, 1532)
(34, 12, 4246)
(34, 28, 4325)
(34, 24, 1720)
(34, 10, 1422)
(35, 1, 3156)
(35, 17, 633)
(35, 14, 958)
(35, 24, 1508)
(35, 32, 2481)
(35, 23, 4972)
(35, 20, 900)
(35, 22, 1932)
(35, 28, 345)
(35, 2, 1874)
(35, 12, 3566)
(35, 10, 4789)
(35, 30, 3212)
(35, 27, 3181)
(35, 34, 3914)
(35, 6, 785)
(35, 29, 4939)
(35, 3, 4416)
(35, 5, 6)
(35, 4, 4690)
(36, 32, 1905)
(36, 10, 1654)
(36, 15, 529)
(36, 34, 2168)
(36, 35, 939)
(36, 25, 1051)
(36, 18, 3319)
(36, 29, 2391)
(36, 26, 2686)
(36, 4, 3679)
(36, 9, 847)
(37, 26, 735)
(37, 23, 3778)
(37, 12, 4526)
(37, 5, 2885)
(37, 15, 2276)
(37, 36, 3524)
(37, 31, 1423)
(37, 28, 3725)
(37, 27, 2560)
(37, 30, 4142)
(37, 16, 559)
(37, 14, 2185)
(37, 32, 336)
(37, 0, 3764)
(38, 10, 865)
(38, 11, 1671)
(38, 32, 2037)
(38, 14, 4112)
(38, 31, 4647)
(38, 34, 312)
(38, 9, 63)
(38, 15, 3536)
(38, 36, 3880)
(38, 23, 2530)
(38, 33, 3484)
(38, 2, 4600)
(38, 25, 2747)
(38, 4, 3331)
(38, 22, 613)
(38, 27, 2378)
(38, 8, 1104)
(38, 20, 3188)
(38, 16, 2577)
(38, 18, 4400)
(38, 1, 152)
(38, 29, 3235)
(38, 3, 4624)
(38, 21, 706)
(38, 26, 4928)
(38, 0, 4579)
(38, 30, 275)
(39, 37, 591)
(40, 37, 261)
(40, 7, 2506)
(40, 31, 76)
(40, 38, 1096)
(40, 12, 1047)
(40, 16, 807)
(40, 20, 79)
(40, 15, 3824)
(40, 24, 4850)
(40, 19, 528)
(40, 4, 3900)
(40, 29, 3504)
(40, 18, 84)
(40, 23, 233)
(40, 33, 4626)
(40, 0, 3480)
(40, 13, 840)
(40, 5, 4995)
(40, 30, 3408)
(40, 8, 3715)
(40, 34, 4550)
(40, 21, 508)
(40, 28, 1945)
(40, 17, 4008)
(40, 35, 313)
(40, 26, 1075)
(40, 25, 2854)
(40, 22, 4445)
(40, 36, 797)
(41, 12, 2933)
(42, 14, 3473)
(42, 3, 1748)
(42, 21, 3380)
(42, 13, 1898)
(42, 15, 4061)
(42, 27, 3891)
(42, 39, 561)
(43, 37, 1922)
(43, 14, 343)
(43, 23, 3938)
(43, 9, 2896)
(43, 30, 4883)
(43, 7, 2893)
(43, 32, 646)
(43, 16, 327)
(43, 2, 1303)
(43, 10, 4028)
(43, 33, 1233)
(43, 28, 4473)
(43, 5, 799)
(43, 21, 4601)
(43, 41, 679)
(43, 40, 731)
(43, 15, 2282)
(43, 18, 1044)
(43, 12, 944)
(43, 38, 4677)
(43, 35, 1507)
(43, 24, 4385)
(43, 22, 2291)
(43, 19, 2438)
(43, 26, 3746)
(43, 34, 2614)
(43, 3, 852)
(43, 13, 3667)
(43, 39, 3102)
(43, 31, 767)
(44, 4, 3985)
(44, 40, 1026)
(44, 7, 605)
(44, 28, 3904)
(44, 16, 868)
(44, 26, 2632)
(44, 33, 1584)
(44, 17, 2630)
(44, 32, 4881)
(44, 6, 1686)
(44, 43, 980)
(44, 41, 4611)
(44, 23, 2330)
(44, 9, 2767)
(44, 5, 1406)
(44, 39, 232)
(44, 24, 4346)
(44, 25, 1135)
(44, 29, 575)
(44, 30, 2876)
(44, 35, 1804)
(44, 36, 1689)
(44, 18, 3197)
(44, 34, 2343)
(44, 37, 266)
(44, 22, 203)
(45, 15, 3292)
(45, 44, 1785)
(45, 4, 342)
(45, 9, 4915)
(45, 5, 4944)
(45, 40, 634)
(45, 0, 854)
(45, 23, 1129)
(45, 13, 1193)
(45, 1, 1380)
(45, 26, 4010)
(45, 34, 1470)
(45, 22, 2980)
(45, 41, 714)
(46, 33, 1482)
(46, 36, 2644)
(46, 15, 2691)
(46, 27, 3187)
(46, 17, 4482)
(46, 14, 4278)
(46, 40, 2005)
(46, 30, 3842)
(46, 12, 4355)
(46, 38, 3907)
(46, 34, 1697)
(46, 18, 4755)
(46, 45, 262)
(46, 5, 2989)
(46, 16, 2192)
(46, 43, 410)
(46, 6, 3658)
(46, 26, 1789)
(46, 37, 3029)
(46, 35, 3929)
(46, 25, 3857)
(46, 2, 1150)
(46, 13, 188)
(46, 28, 3310)
(46, 19, 4663)
(46, 32, 2372)
(46, 23, 1972)
(46, 22, 3232)
(46, 4, 213)
(47, 15, 3966)
(47, 39, 1740)
(47, 32, 3194)
(47, 36, 1428)
(47, 10, 2600)
(47, 42, 1401)
(47, 14, 4538)
(47, 38, 4429)
(47, 20, 4032)
(47, 2, 1136)
(47, 43, 3706)
(47, 30, 727)
(47, 22, 357)
(47, 24, 4249)
(47, 11, 2164)
(47, 31, 3913)
(47, 23, 4877)
(47, 7, 2700)
(47, 25, 2535)
(47, 26, 4620)
(47, 37, 1968)
(47, 16, 1057)
(47, 35, 1353)
(47, 9, 4557)
(47, 12, 4978)
(47, 40, 3626)
(47, 17, 128)
(47, 3, 2475)
(47, 28, 2346)
(47, 34, 2770)
(47, 41, 71)
(47, 4, 4694)
(47, 6, 525)
(47, 46, 2356)
(47, 44, 4791)
(47, 21, 3459)
(47, 27, 3170)
(47, 33, 1151)
(47, 8, 589)
(47, 0, 3704)
(47, 45, 2914)
(47, 19, 94)
(47, 29, 3802)
(47, 5, 660)
(48, 39, 1807)
(48, 1, 3916)
(48, 8, 933)
(48, 25, 1294)
(48, 24, 755)
(48, 28, 1896)
(48, 46, 4606)
(48, 6, 3936)
(48, 35, 4821)
(49, 11, 3379)
(49, 18, 645)
(49, 14, 1539)
(49, 33, 2454)
(49, 7, 4426)
(49, 25, 4634)
(49, 36, 3879)
(49, 2, 1241)
(49, 43, 1460)
(49, 47, 4005)
(49, 26, 2423)
(49, 17, 4378)
(49, 40, 4784)
(49, 4, 269)
(49, 1, 1059)
(49, 16, 4273)
(49, 12, 4081)
(49, 42, 3058)
(49, 46, 4211)
(49, 22, 4020)
(49, 37, 3463)
(49, 45, 1845)
(49, 29, 3868)
(49, 20, 1966)
(49, 34, 4513)
(50, 13, 3864)
(50, 29, 2057)
(50, 12, 2590)
(50, 44, 1628)
(50, 33, 4167)
(50, 11, 4564)
(50, 36, 4349)
(50, 28, 2105)
(50, 26, 3205)
(50, 7, 2831)
(50, 47, 3858)
(50, 16, 2999)
(50, 41, 2562)
(50, 9, 2182)
(50, 49, 4376)
(50, 4, 3967)
(50, 8, 4128)
(50, 1, 3621)
(50, 0, 2370)
(50, 5, 2637)
(50, 2, 189)
(50, 48, 385)
(50, 38, 1583)
(50, 34, 3254)
(50, 15, 1766)
(50, 37, 195)
(50, 10, 1249)
(50, 25, 3211)
(50, 30, 3588)
(50, 43, 3581)
(50, 23, 3454)
(50, 22, 1608)
(50, 27, 796)
(50, 21, 2299)
(51, 16, 2800)
(51, 36, 2943)
(51, 6, 2905)
(51, 0, 1598)
(51, 49, 4998)
(51, 29, 1023)
(51, 9, 3344)
(51, 7, 3767)
(51, 12, 3983)
(51, 5, 3320)
(51, 26, 62)
(51, 50, 1977)
(52, 24, 978)
(52, 1, 4688)
(52, 30, 1340)
(52, 23, 2214)
(52, 19, 951)
(52, 4, 2909)
(52, 18, 845)
(52, 39, 4686)
(52, 38, 4395)
(52, 20, 1573)
(52, 8, 292)
(52, 11, 1161)
(52, 47, 2042)
(52, 22, 2712)
(52, 36, 4319)
(52, 29, 481)
(52, 48, 560)
(52, 9, 911)
(52, 41, 383)
(52, 7, 4406)
(52, 3, 2643)
(52, 42, 4683)
(52, 45, 4811)
(52, 10, 2117)
(52, 46, 701)
(52, 33, 4849)
(52, 21, 3646)
(52, 25, 950)
(52, 31, 1715)
(52, 5, 3479)
(52, 49, 3968)
(52, 37, 1424)
(53, 17, 3447)
(54, 4, 4398)
(54, 41, 2012)
(54, 20, 650)
(54, 49, 3207)
(54, 13, 1053)
(54, 10, 4070)
(54, 37, 2220)
(54, 31, 827)
(54, 25, 2810)
(54, 48, 3644)
(54, 23, 741)
(54, 11, 110)
(54, 15, 3166)
(54, 3, 2077)
(54, 6, 3836)
(54, 50, 783)
(54, 14, 171)
(54, 53, 1474)
(54, 21, 2891)
(54, 34, 4942)
(54, 26, 1159)
(54, 38, 3223)
(54, 12, 4331)
(54, 29, 1341)
(54, 8, 4500)
(54, 33, 3839)
(54, 19, 415)
(54, 36, 310)
(54, 51, 2065)
(54, 1, 3820)
(54, 2, 2735)
(54, 52, 1367)
(54, 44, 2119)
(54, 43, 1083)
(54, 18, 3453)
(54, 45, 905)
(54, 28, 283)
(54, 24, 3662)
(54, 5, 4882)
(54, 0, 3846)
(54, 7, 296)
(54, 27, 3606)
(54, 35, 4719)
(55, 1, 1426)
(55, 53, 3262)
(55, 46, 2873)
(55, 49, 1314)
(55, 41, 2472)
(55, 40, 87)
(55, 33, 3068)
(55, 21, 4894)
(55, 45, 2466)
(55, 54, 2610)
(55, 51, 1003)
(55, 4, 4045)
(55, 27, 2899)
(55, 7, 2197)
(55, 22, 4562)
(55, 36, 2419)
(55, 29, 1025)
(55, 38, 4489)
(55, 39, 2405)
(55, 47, 1819)
(55, 2, 3012)
(55, 8, 4477)
(55, 5, 2939)
(55, 42, 2258)
(55, 43, 115)
(55, 17, 95)
(55, 25, 2146)
(55, 52, 2039)
(55, 50, 3455)
(55, 19, 2588)
(55, 48, 2788)
(55, 15, 3580)
(55, 23, 3903)
(55, 24, 1490)
(55, 28, 2585)
(56, 32, 4235)
(56, 41, 4087)
(56, 3, 3083)
(56, 46, 1400)
(56, 21, 2175)
(56, 25, 4345)
(56, 45, 4440)
(56, 4, 3698)
(56, 49, 4363)
(56, 38, 2255)
(56, 23, 2702)
(56, 48, 58)
(56, 16, 2041)
(56, 34, 1498)
(56, 33, 976)
(56, 15, 335)
(56, 39, 285)
(56, 44, 2215)
(56, 31, 2452)
(56, 43, 3368)
(56, 2, 1291)
(56, 52, 1586)
(56, 5, 3926)
(56, 36, 1196)
(56, 18, 3244)
(56, 28, 3807)
(56, 26, 1164)
(56, 8, 3571)
(56, 6, 2725)
(56, 11, 820)
(56, 27, 880)
(56, 37, 3947)
(56, 40, 2559)
(56, 42, 496)
(56, 20, 548)
(56, 0, 943)
(56, 17, 4111)
(56, 47, 4970)
(56, 29, 621)
(56, 7, 4188)
(56, 14, 3962)
(56, 22, 3367)
(56, 55, 31)
(56, 10, 442)
(56, 24, 4012)
(57, 40, 221)
(57, 21, 2605)
(57, 41, 3616)
(57, 17, 2323)
(57, 29, 3502)
(57, 56, 122)
(57, 54, 469)
(57, 34, 1809)
(57, 44, 2270)
(57, 25, 4320)
(57, 6, 3792)
(57, 7, 3054)
(57, 38, 1820)
(57, 43, 1439)
(57, 9, 265)
(57, 13, 131)
(57, 3, 913)
(57, 32, 4131)
(57, 12, 748)
(57, 55, 2303)
(57, 18, 2347)
(57, 19, 127)
(57, 23, 2502)
(57, 35, 2278)
(57, 24, 3859)
(57, 26, 1585)
(57, 1, 2246)
(57, 46, 3937)
(57, 10, 361)
(57, 50, 924)
(58, 35, 2820)
(58, 3, 1139)
(58, 27, 395)
(58, 39, 2684)
(58, 34, 1625)
(58, 55, 3719)
(58, 5, 2573)
(58, 26, 494)
(58, 20, 2551)
(58, 8, 1219)
(58, 13, 1556)
(58, 23, 2106)
(58, 7, 1250)
(59, 13, 2997)
(59, 42, 2657)
(59, 58, 4438)
(59, 40, 3943)
(59, 52, 478)
(59, 30, 202)
(59, 4, 228)
(59, 23, 3026)
(59, 26, 4354)
(59, 18, 3104)
(59, 43, 3755)
(59, 55, 1931)
(59, 12, 1679)
(59, 37, 340)
(59, 15, 3674)
(59, 21, 1118)
(59, 1, 4259)
(59, 53, 1733)
(59, 46, 989)
(59, 31, 4133)
(59, 16, 1065)
(59, 44, 4427)
(59, 57, 456)
(59, 54, 2342)
(59, 33, 4886)
(59, 27, 2840)
(59, 3, 4981)
(59, 41, 610)
(59, 45, 574)
(59, 10, 4175)
(59, 32, 2647)
(59, 14, 2308)
(59, 25, 1166)
(59, 20, 170)
(60, 48, 4160)
(60, 29, 2509)
(60, 25, 2685)
(60, 53, 4941)
(60, 10, 2523)
(60, 12, 3189)
(60, 34, 2668)
(60, 16, 973)
(60, 19, 2669)
(60, 2, 4730)
(60, 41, 3330)
(60, 0, 2139)
(60, 18, 370)
(60, 46, 946)
(60, 27, 4913)
(60, 36, 2597)
(60, 43, 2010)
(60, 6, 2284)
(60, 55, 2394)
(60, 50, 4605)
(60, 24, 4074)
(60, 31, 4726)
(60, 39, 4163)
(60, 30, 4797)
(60, 42, 4337)
(60, 38, 4613)
(60, 9, 3045)
(60, 33, 1187)
(60, 37, 4922)
(60, 11, 511)
(60, 23, 1224)
(60, 7, 1382)
(60, 21, 393)
(60, 57, 2892)
(60, 28, 1403)
(60, 52, 984)
(60, 20, 4332)
(60, 3, 1332)
(60, 35, 147)
(60, 14, 1980)
(60, 15, 994)
(60, 1, 3931)
(60, 56, 2069)
(60, 4, 1918)
(61, 32, 2442)
(61, 30, 3110)
(61, 28, 628)
(61, 26, 4604)
(61, 15, 4818)
(61, 33, 1007)
(61, 53, 3409)
(61, 47, 4846)
(61, 29, 784)
(61, 16, 205)
(61, 2, 4637)
(61, 52, 118)
(61, 45, 4839)
(61, 11, 3700)
(61, 43, 4256)
(61, 23, 2868)
(61, 46, 4919)
(61, 6, 1217)
(61, 18, 835)
(61, 55, 2606)
(61, 19, 4855)
(61, 22, 833)
(61, 4, 3071)
(61, 8, 516)
(61, 35, 206)
(61, 10, 1851)
(61, 20, 2460)
(61, 57, 4225)
(61, 0, 678)
(62, 4, 3135)
(62, 60, 1866)
(62, 32, 2675)
(62, 37, 142)
(62, 49, 1420)
(62, 19, 381)
(62, 16, 198)
(62, 20, 2697)
(62, 17, 4851)
(62, 12, 1832)
(62, 18, 2424)
(62, 1, 4245)
(62, 29, 3323)
(62, 44, 577)
(62, 24, 2236)
(62, 61, 4884)
(62, 5, 2920)
(62, 46, 1115)
(62, 55, 3439)
(62, 50, 3999)
(62, 35, 779)
(62, 33, 4431)
(62, 21, 1456)
(62, 57, 4192)
(62, 23, 4247)
(62, 45, 1735)
(62, 15, 2776)
(62, 28, 789)
(62, 11, 3033)
(62, 34, 72)
(62, 3, 1806)
(62, 8, 710)
(62, 52, 4571)
(62, 48, 698)
(62, 36, 1636)
(62, 38, 164)
(62, 13, 2051)
(62, 0, 4756)
(62, 42, 1373)
(62, 56, 2199)
(62, 39, 938)
(62, 30, 4586)
(62, 51, 1623)
(62, 9, 1624)
(62, 2, 2203)
(62, 10, 4933)
(62, 14, 1622)
(62, 25, 9)
(62, 40, 1611)
(62, 47, 4043)
(62, 31, 3844)
(62, 53, 2253)
(63, 56, 2759)
(63, 25, 2730)
(63, 19, 3326)
(63, 50, 1152)
(63, 14, 3175)
(63, 36, 756)
(63, 60, 3219)
(63, 40, 4460)
(63, 1, 2524)
(63, 37, 2223)
(63, 22, 4823)
(63, 12, 3636)
(63, 58, 2993)
(63, 51, 2260)
(63, 54, 4662)
(63, 0, 2340)
(63, 23, 1933)
(63, 45, 2264)
(63, 13, 1046)
(63, 34, 4353)
(63, 16, 1648)
(63, 30, 2548)
(63, 61, 1991)
(63, 38, 4573)
(63, 55, 1124)
(63, 9, 165)
(63, 41, 674)
(63, 42, 450)
(63, 44, 3798)
(63, 35, 2609)
(63, 62, 3321)
(63, 43, 693)
(63, 10, 1587)
(63, 47, 4098)
(63, 17, 3736)
(63, 27, 4148)
(63, 39, 1050)
(63, 46, 146)
(63, 26, 4048)
(63, 29, 2316)
(63, 4, 4033)
(63, 57, 4775)
(63, 5, 45)
(64, 17, 3070)
(64, 10, 1871)
(64, 62, 4368)
(64, 30, 2586)
(64, 22, 1371)
(64, 34, 3490)
(64, 0, 3352)
(64, 19, 4731)
(64, 63, 1839)
(64, 28, 4424)
(64, 58, 1388)
(64, 16, 486)
(64, 36, 1440)
(64, 40, 3048)
(64, 43, 1776)
(64, 26, 3643)
(64, 12, 879)
(64, 50, 1232)
(64, 31, 1597)
(64, 18, 3016)
(64, 44, 664)
(64, 14, 4729)
(64, 51, 536)
(64, 6, 3397)
(64, 46, 168)
(64, 53, 2013)
(64, 15, 4596)
(64, 23, 271)
(64, 42, 4504)
(64, 48, 1886)
(64, 25, 3452)
(64, 59, 1432)
(64, 24, 196)
(64, 55, 2142)
(64, 60, 2435)
(64, 3, 1222)
(64, 9, 788)
(64, 39, 4931)
(64, 5, 3357)
(64, 29, 2063)
(64, 38, 1027)
(64, 8, 1204)
(64, 4, 4082)
(64, 1, 1579)
(64, 11, 3340)
(64, 20, 4257)
(64, 33, 3596)
(64, 57, 4517)
(64, 61, 2829)
(64, 49, 2911)
(64, 37, 1329)
(64, 52, 497)
(64, 41, 4203)
(64, 45, 2955)
(64, 13, 1726)
(64, 21, 704)
(64, 56, 4269)
(64, 2, 3021)
(64, 47, 3234)
(64, 35, 1287)
(64, 54, 3410)
(64, 32, 925)
(65, 29, 831)
(65, 51, 2046)
(65, 64, 2754)
(65, 46, 844)
(65, 19, 3518)
(65, 50, 4679)
(65, 27, 2409)
(65, 54, 347)
(65, 61, 639)
(65, 3, 3534)
(66, 17, 3280)
(66, 40, 4454)
(66, 36, 1170)
(66, 32, 3266)
(66, 4, 2625)
(66, 29, 769)
(66, 3, 3186)
(66, 44, 3240)
(67, 58, 3688)
(67, 16, 4911)
(67, 0, 4230)
(67, 19, 1391)
(67, 56, 1392)
(67, 37, 622)
(67, 65, 4290)
(67, 61, 3830)
(67, 5, 1481)
(67, 29, 1563)
(67, 54, 3434)
(67, 28, 2201)
(67, 3, 547)
(67, 52, 3087)
(67, 6, 3448)
(67, 25, 1629)
(67, 7, 2917)
(67, 51, 1206)
(67, 43, 4956)
(67, 20, 733)
(67, 34, 3474)
(67, 48, 4640)
(67, 10, 2511)
(67, 44, 2155)
(67, 8, 251)
(67, 32, 972)
(68, 59, 1761)
(68, 16, 248)
(68, 22, 1601)
(68, 18, 4466)
(68, 14, 2345)
(68, 65, 4800)
(68, 17, 4157)
(68, 27, 1336)
(68, 35, 1275)
(68, 40, 4393)
(68, 33, 2392)
(68, 38, 4276)
(68, 44, 1540)
(68, 64, 2271)
(68, 10, 2004)
(68, 39, 1842)
(68, 19, 4139)
(68, 53, 934)
(68, 24, 2678)
(68, 11, 1642)
(68, 32, 4462)
(68, 42, 3710)
(68, 34, 2977)
(69, 24, 906)
(69, 28, 4373)
(69, 52, 4156)
(69, 42, 4570)
(69, 62, 2292)
(69, 25, 2728)
(69, 65, 3933)
(69, 4, 3152)
(69, 9, 4086)
(69, 11, 3783)
(69, 45, 3625)
(69, 20, 2335)
(69, 46, 4478)
(69, 39, 4977)
(69, 48, 1979)
(69, 33, 3371)
(69, 19, 2636)
(69, 3, 539)
(69, 54, 3010)
(69, 10, 1278)
(69, 67, 2965)
(69, 51, 3270)
(69, 68, 1588)
(69, 18, 2147)
(69, 12, 1245)
(69, 35, 427)
(69, 5, 4049)
(69, 32, 2817)
(69, 8, 1930)
(69, 50, 4988)
(69, 37, 818)
(69, 40, 3356)
(69, 2, 4305)
(69, 66, 293)
(69, 29, 4184)
(69, 47, 811)
(69, 43, 3438)
(69, 30, 3285)
(69, 0, 3634)
(69, 44, 3346)
(69, 22, 4715)
(70, 7, 3777)
(70, 1, 2690)
(70, 41, 4708)
(70, 25, 3527)
(70, 51, 1330)
(70, 5, 3731)
(70, 35, 3520)
(70, 26, 4492)
(71, 24, 4566)
(71, 17, 3953)
(71, 38, 4558)
(71, 5, 670)
(71, 39, 2726)
(71, 49, 466)
(71, 68, 2742)
(71, 67, 2222)
(71, 30, 2907)
(71, 6, 2563)
(71, 51, 986)
(71, 62, 30)
(71, 18, 436)
(71, 14, 1934)
(71, 22, 2109)
(71, 63, 2740)
(71, 60, 4443)
(71, 21, 3160)
(71, 52, 348)
(71, 44, 869)
(71, 23, 3887)
(71, 59, 2102)
(71, 0, 2350)
(71, 45, 1267)
(71, 66, 2687)
(71, 7, 3670)
(71, 25, 2169)
(71, 70, 4085)
(71, 32, 4952)
(71, 69, 2455)
(71, 3, 412)
(71, 55, 1758)
(71, 28, 4079)
(71, 29, 156)
(71, 1, 2113)
(71, 35, 1237)
(71, 19, 1471)
(71, 2, 1970)
(71, 31, 4569)
(71, 12, 1987)
(71, 27, 1772)
(71, 15, 27)
(71, 43, 4108)
(72, 2, 4695)
(72, 39, 1660)
(72, 24, 2170)
(72, 35, 4465)
(72, 45, 424)
(72, 69, 1755)
(72, 58, 4457)
(72, 15, 1273)
(72, 48, 4450)
(72, 53, 3570)
(72, 5, 1990)
(72, 62, 809)
(72, 7, 402)
(72, 16, 3161)
(72, 22, 3028)
(72, 29, 1913)
(72, 67, 3224)
(72, 13, 3317)
(72, 49, 1942)
(72, 38, 4608)
(72, 42, 2527)
(72, 17, 2437)
(72, 64, 910)
(72, 52, 4237)
(72, 61, 1280)
(72, 28, 3977)
(72, 44, 4127)
(72, 12, 3099)
(72, 21, 22)
(72, 20, 1252)
(72, 68, 3027)
(72, 46, 2544)
(72, 33, 1214)
(72, 6, 533)
(72, 10, 3494)
(72, 51, 2983)
(72, 54, 4451)
(72, 34, 582)
(72, 32, 3782)
(72, 8, 703)
(72, 11, 2070)
(72, 26, 1293)
(72, 27, 3350)
(72, 47, 3345)
(72, 57, 1606)
(73, 5, 418)
(73, 69, 1312)
(73, 64, 3221)
(73, 31, 3299)
(73, 41, 4891)
(73, 50, 1000)
(73, 49, 1311)
(73, 44, 2819)
(73, 30, 68)
(73, 21, 1041)
(73, 71, 524)
(73, 67, 338)
(73, 14, 268)
(73, 48, 61)
(73, 51, 2326)
(73, 25, 1351)
(73, 59, 4890)
(73, 62, 3921)
(73, 35, 3052)
(73, 72, 4199)
(73, 32, 2992)
(73, 55, 2251)
(73, 2, 771)
(73, 58, 3628)
(73, 38, 4093)
(73, 40, 2833)
(73, 1, 2504)
(73, 11, 3878)
(73, 45, 4612)
(73, 63, 3789)
(73, 56, 1409)
(74, 62, 2360)
(74, 34, 3146)
(74, 54, 2280)
(74, 45, 4810)
(74, 59, 4214)
(74, 58, 438)
(75, 23, 956)
(75, 49, 4371)
(75, 53, 104)
(75, 19, 4463)
(75, 42, 244)
(75, 69, 4490)
(75, 31, 4044)
(75, 12, 4994)
(75, 39, 4204)
(75, 68, 4830)
(75, 47, 3579)
(75, 60, 4752)
(75, 18, 4479)
(75, 15, 175)
(75, 24, 3797)
(75, 57, 3318)
(75, 51, 2733)
(75, 4, 3984)
(75, 59, 1729)
(75, 61, 1024)
(75, 6, 881)
(75, 33, 555)
(75, 70, 3834)
(75, 25, 1004)
(75, 64, 1016)
(75, 63, 2930)
(75, 74, 2484)
(75, 72, 926)
(75, 8, 4055)
(75, 3, 2030)
(75, 43, 4401)
(75, 73, 1746)
(75, 52, 184)
(75, 9, 2050)
(75, 22, 2783)
(75, 58, 1705)
(75, 13, 4523)
(75, 21, 3122)
(75, 29, 1378)
(75, 7, 970)
(75, 67, 4165)
(75, 50, 1493)
(75, 44, 1569)
(75, 17, 3876)
(75, 28, 2252)
(75, 56, 719)
(75, 66, 4622)
(75, 5, 1035)
(75, 26, 3226)
(76, 20, 3196)
(76, 73, 3445)
(76, 7, 3747)
(76, 74, 957)
(76, 55, 387)
(76, 44, 4773)
(76, 43, 1343)
(76, 46, 1301)
(76, 14, 1643)
(76, 8, 2229)
(76, 70, 2624)
(76, 1, 4469)
(76, 10, 1510)
(76, 30, 724)
(76, 69, 4725)
(76, 52, 286)
(76, 60, 554)
(76, 24, 4728)
(76, 37, 3036)
(76, 64, 4654)
(76, 41, 2273)
(76, 57, 3676)
(76, 13, 2816)
(77, 33, 1189)
(77, 4, 898)
(77, 45, 4553)
(77, 46, 1812)
(77, 18, 4552)
(77, 22, 2003)
(77, 10, 4903)
(77, 39, 4328)
(77, 41, 1462)
(77, 27, 2362)
(77, 23, 3593)
(77, 2, 3227)
(77, 32, 2045)
(77, 28, 4089)
(77, 63, 3890)
(77, 69, 619)
(77, 49, 3854)
(77, 24, 1418)
(77, 43, 2334)
(77, 21, 3428)
(77, 75, 1565)
(77, 65, 2497)
(77, 62, 722)
(77, 17, 887)
(77, 29, 2245)
(77, 8, 929)
(77, 51, 3804)
(77, 48, 2542)
(77, 50, 2216)
(77, 12, 1244)
(77, 36, 3229)
(77, 26, 726)
(77, 57, 1010)
(77, 37, 2500)
(77, 70, 3533)
(77, 42, 3456)
(77, 31, 2204)
(77, 74, 3563)
(77, 61, 4352)
(77, 67, 1887)
(77, 60, 180)
(77, 9, 1605)
(77, 3, 3821)
(77, 58, 2642)
(77, 53, 90)
(77, 73, 4592)
(77, 76, 2173)
(77, 40, 2601)
(77, 13, 3816)
(77, 44, 167)
(77, 52, 3970)
(77, 19, 2653)
(77, 72, 2966)
(77, 15, 625)
(77, 59, 3511)
(77, 16, 635)
(77, 68, 55)
(77, 5, 2882)
(77, 30, 477)
(77, 1, 3875)
(78, 75, 1634)
(78, 58, 2488)
(78, 13, 870)
(78, 2, 2463)
(78, 77, 4868)
(78, 76, 2908)
(78, 9, 3030)
(78, 21, 4673)
(78, 62, 644)
(78, 22, 1043)
(78, 56, 2616)
(78, 53, 3230)
(78, 34, 1814)
(78, 29, 3468)
(78, 3, 2890)
(78, 36, 3761)
(78, 70, 4134)
(78, 72, 378)
(78, 0, 638)
(78, 69, 778)
(78, 74, 4759)
(78, 51, 3663)
(78, 61, 966)
(78, 59, 1889)
(78, 50, 4386)
(78, 60, 1537)
(78, 73, 4007)
(78, 63, 4105)
(78, 17, 1581)
(78, 67, 2741)
(78, 49, 4468)
(78, 66, 1143)
(78, 4, 2272)
(78, 42, 1306)
(78, 35, 2179)
(78, 16, 3822)
(78, 11, 3896)
(78, 71, 4239)
(78, 31, 274)
(78, 6, 901)
(78, 43, 3666)
(78, 30, 214)
(78, 26, 2410)
(78, 40, 2777)
(78, 14, 3740)
(78, 65, 1698)
(78, 28, 1058)
(78, 18, 1858)
(78, 48, 2698)
(78, 7, 2540)
(78, 68, 2708)
(78, 33, 2307)
(78, 24, 753)
(78, 64, 1238)
(78, 45, 4590)
(78, 8, 4091)
(78, 52, 977)
(79, 60, 4452)
(79, 53, 4031)
(79, 65, 4179)
(79, 66, 2880)
(79, 72, 4872)
(79, 15, 1318)
(79, 13, 4316)
(79, 14, 3133)
(79, 78, 3249)
(79, 54, 1352)
(79, 37, 2554)
(79, 48, 2221)
(79, 63, 2716)
(79, 76, 3005)
(79, 31, 3686)
(79, 27, 941)
(79, 36, 4507)
(79, 4, 1984)
(79, 38, 1528)
(79, 57, 3988)
(79, 55, 2663)
(79, 19, 4987)
(79, 33, 4219)
(79, 42, 4874)
(79, 46, 1240)
(79, 2, 2954)
(79, 50, 3993)
(79, 23, 3269)
(79, 67, 1868)
(79, 68, 851)
(79, 70, 3329)
(79, 69, 1754)
(79, 71, 15)
(79, 45, 1802)
(79, 59, 2587)
(79, 40, 2666)
(79, 41, 297)
(79, 61, 3279)
(79, 24, 3539)
(79, 77, 386)
(79, 56, 1393)
(79, 26, 1795)
(79, 29, 498)
(79, 18, 4251)
(79, 51, 890)
(79, 52, 2951)
(79, 62, 2595)
(79, 6, 1749)
(79, 47, 2784)
(79, 39, 176)
(79, 20, 4667)
(80, 28, 80)
(80, 38, 4862)
(80, 17, 1487)
(80, 0, 392)
(80, 18, 4483)
(80, 73, 1434)
(80, 59, 2680)
(80, 57, 2994)
(80, 3, 1091)
(80, 67, 1169)
(80, 19, 1425)
(80, 10, 4068)
(80, 77, 2205)
(80, 69, 111)
(80, 44, 2887)
(80, 41, 3557)
(80, 72, 2073)
(80, 33, 2093)
(80, 25, 3140)
(80, 52, 1890)
(80, 14, 3794)
(80, 13, 4689)
(80, 40, 3762)
(80, 4, 1790)
(80, 16, 558)
(80, 63, 1590)
(80, 64, 2295)
(80, 60, 4402)
(80, 9, 3532)
(80, 43, 224)
(80, 68, 1811)
(80, 20, 2945)
(80, 46, 2827)
(80, 58, 217)
(80, 6, 2959)
(80, 31, 2402)
(80, 8, 504)
(81, 55, 2902)
(81, 50, 742)
(81, 67, 4713)
(81, 51, 1360)
(81, 16, 172)
(81, 21, 1112)
(81, 14, 200)
(81, 33, 2352)
(81, 47, 707)
(81, 39, 594)
(81, 20, 2380)
(81, 8, 4871)
(81, 27, 4220)
(81, 31, 83)
(81, 34, 2794)
(81, 0, 4078)
(81, 70, 3818)
(81, 28, 135)
(81, 32, 2285)
(81, 26, 2935)
(81, 66, 2186)
(81, 25, 3614)
(81, 37, 2104)
(81, 48, 112)
(81, 17, 3979)
(81, 38, 914)
(81, 71, 1834)
(81, 1, 549)
(81, 76, 2056)
(81, 29, 3801)
(81, 3, 2425)
(81, 44, 675)
(81, 22, 1971)
(81, 11, 4588)
(81, 72, 2720)
(81, 42, 3311)
(81, 60, 4243)
(81, 73, 4391)
(81, 62, 3362)
(81, 52, 1928)
(81, 7, 889)
(81, 53, 666)
(81, 77, 2125)
(81, 12, 3963)
(81, 78, 3009)
(81, 56, 18)
(81, 41, 3424)
(81, 18, 3692)
(81, 64, 2310)
(81, 15, 1165)
(81, 79, 945)
(81, 74, 2066)
(81, 46, 1369)
(81, 19, 1394)
(81, 59, 3920)
(81, 23, 2351)
(81, 65, 2379)
(81, 2, 1489)
(81, 40, 299)
(81, 57, 765)
(81, 69, 431)
(81, 4, 223)
(81, 75, 2457)
(81, 43, 4449)
(81, 13, 4670)
(81, 80, 4470)
(81, 68, 177)
(81, 30, 321)
(81, 9, 4125)
(81, 63, 2313)
(81, 54, 3008)
(81, 6, 581)
(81, 58, 3553)
(81, 24, 3828)
(82, 10, 4900)
(82, 45, 3884)
(82, 58, 1276)
(82, 56, 2861)
(82, 48, 3403)
(82, 0, 780)
(82, 26, 4092)
(82, 23, 2275)
(82, 32, 3959)
(82, 17, 2900)
(82, 53, 3024)
(82, 61, 4807)
(82, 15, 4651)
(82, 43, 3787)
(82, 73, 3673)
(82, 33, 2537)
(82, 54, 3293)
(82, 49, 4798)
(82, 63, 4547)
(82, 67, 114)
(82, 62, 349)
(82, 29, 2995)
(82, 79, 3132)
(82, 25, 600)
(82, 46, 739)
(82, 68, 2839)
(82, 13, 4414)
(82, 40, 315)
(82, 30, 2948)
(82, 37, 1413)
(82, 3, 1220)
(82, 8, 1614)
(82, 60, 3402)
(82, 20, 2328)
(82, 74, 732)
(82, 14, 154)
(82, 69, 2507)
(82, 31, 192)
(82, 77, 4920)
(82, 38, 1923)
(82, 71, 1492)
(82, 41, 382)
(82, 81, 2043)
(82, 11, 2127)
(82, 64, 2384)
(82, 76, 141)
(82, 57, 888)
(82, 72, 3598)
(82, 34, 3565)
(82, 78, 4132)
(82, 59, 3998)
(83, 26, 113)
(83, 67, 4840)
(83, 82, 4638)
(83, 14, 1077)
(83, 3, 3011)
(83, 52, 1828)
(83, 81, 2321)
(83, 0, 4266)
(83, 5, 3788)
(83, 43, 2400)
(83, 71, 3051)
(83, 55, 4776)
(83, 8, 3498)
(83, 34, 4103)
(83, 76, 2430)
(83, 2, 3845)
(83, 39, 1039)
(83, 74, 3336)
(83, 56, 1544)
(83, 63, 3908)
(83, 62, 280)
(83, 57, 3748)
(83, 59, 4186)
(83, 50, 4892)
(83, 78, 1268)
(83, 17, 1591)
(83, 51, 1414)
(83, 29, 1364)
(83, 47, 3231)
(83, 31, 991)
(83, 33, 4035)
(83, 7, 1841)
(83, 44, 471)
(83, 19, 2633)
(83, 60, 4041)
(83, 80, 2942)
(83, 48, 2079)
(83, 35, 4858)
(83, 21, 319)
(83, 12, 940)
(83, 30, 2132)
(83, 25, 2849)
(83, 58, 942)
(83, 75, 3250)
(83, 66, 153)
(83, 79, 238)
(83, 54, 2305)
(83, 42, 3153)
(83, 11, 254)
(83, 53, 1430)
(83, 24, 65)
(83, 38, 216)
(83, 10, 4161)
(83, 72, 1718)
(83, 15, 1533)
(83, 69, 3259)
(83, 64, 4885)
(83, 32, 4618)
(83, 65, 3090)
(84, 27, 1836)
(84, 31, 1555)
(84, 37, 2937)
(84, 7, 1682)
(84, 0, 4009)
(84, 73, 1935)
(84, 48, 640)
(84, 35, 3086)
(84, 76, 1264)
(84, 68, 2889)
(84, 41, 458)
(84, 10, 2847)
(84, 50, 4946)
(84, 74, 3151)
(84, 34, 3487)
(84, 25, 4577)
(84, 53, 3425)
(84, 9, 1827)
(84, 15, 2237)
(84, 26, 1717)
(84, 28, 686)
(84, 62, 3351)
(84, 12, 631)
(85, 17, 1226)
(85, 34, 3210)
(85, 49, 3935)
(85, 30, 1912)
(85, 4, 829)
(85, 46, 1803)
(85, 41, 2665)
(85, 0, 4631)
(85, 36, 3694)
(85, 10, 1379)
(85, 8, 1211)
(85, 22, 1975)
(85, 45, 3091)
(85, 74, 225)
(85, 25, 961)
(85, 51, 4396)
(85, 60, 1728)
(85, 68, 998)
(85, 12, 2456)
(85, 76, 4340)
(85, 61, 74)
(85, 58, 5)
(85, 67, 612)
(85, 26, 721)
(85, 7, 982)
(85, 84, 611)
(85, 20, 260)
(85, 16, 1716)
(85, 73, 2612)
(85, 82, 3271)
(85, 18, 1953)
(85, 70, 29)
(85, 21, 2153)
(85, 55, 4141)
(85, 2, 4351)
(85, 14, 1570)
(85, 72, 4314)
(85, 19, 4359)
(85, 50, 1012)
(85, 63, 2752)
(85, 5, 304)
(85, 13, 4303)
(85, 53, 2982)
(85, 69, 763)
(85, 56, 41)
(85, 66, 3843)
(85, 78, 4742)
(85, 9, 2818)
(85, 1, 1576)
(85, 75, 1947)
(85, 83, 155)
(85, 35, 1321)
(85, 81, 2341)
(85, 59, 4985)
(85, 71, 1612)
(85, 39, 3727)
(85, 32, 37)
(85, 3, 2266)
(85, 33, 4229)
(85, 57, 2877)
(85, 43, 2952)
(85, 28, 725)
(85, 64, 1960)
(85, 42, 2053)
(85, 40, 2884)
(85, 52, 145)
(85, 23, 993)
(85, 38, 2757)
(85, 47, 1883)
(85, 80, 4607)
(85, 79, 3341)
(85, 11, 2288)
(85, 24, 1144)
(85, 29, 4389)
(85, 6, 2670)
(85, 31, 3640)
(85, 15, 2790)
(85, 44, 4399)
(85, 77, 2634)
(86, 58, 2240)
(86, 42, 4743)
(86, 6, 609)
(86, 2, 530)
(86, 66, 2163)
(86, 48, 4648)
(86, 23, 3861)
(86, 81, 3550)
(86, 12, 307)
(86, 78, 4794)
(86, 85, 3257)
(86, 79, 125)
(86, 47, 3851)
(86, 10, 2611)
(86, 73, 1500)
(86, 7, 270)
(86, 46, 4524)
(86, 75, 699)
(86, 28, 4860)
(86, 56, 301)
(86, 83, 2075)
(86, 72, 1951)
(86, 68, 3032)
(86, 31, 1286)
(86, 14, 3769)
(86, 21, 3171)
(86, 77, 665)
(86, 39, 2528)
(86, 19, 1805)
(86, 1, 364)
(86, 69, 2084)
(86, 8, 2311)
(86, 16, 2366)
(86, 51, 1667)
(86, 80, 4421)
(86, 41, 2895)
(86, 18, 306)
(86, 76, 1920)
(86, 84, 2096)
(86, 30, 2834)
(86, 13, 4793)
(86, 53, 803)
(86, 44, 4799)
(86, 17, 495)
(86, 43, 1338)
(86, 36, 1534)
(86, 24, 2190)
(86, 60, 2470)
(86, 37, 3852)
(86, 33, 1888)
(86, 62, 3245)
(86, 63, 1518)
(86, 40, 773)
(86, 5, 2436)
(86, 9, 2719)
(86, 65, 3334)
(87, 82, 4561)
(87, 35, 4441)
(87, 71, 1545)
(87, 86, 2421)
(87, 6, 1331)
(87, 24, 867)
(87, 2, 2660)
(87, 23, 1765)
(87, 10, 4964)
(87, 53, 614)
(87, 60, 209)
(87, 38, 1157)
(87, 85, 12)
(87, 64, 4645)
(87, 21, 3607)
(87, 78, 4408)
(87, 18, 1793)
(87, 39, 3964)
(87, 43, 4555)
(87, 40, 2692)
(87, 12, 2661)
(87, 27, 566)
(87, 76, 4809)
(87, 41, 1480)
(87, 61, 4698)
(87, 20, 2826)
(87, 15, 305)
(87, 30, 4377)
(87, 45, 4122)
(87, 66, 3201)
(87, 65, 1950)
(87, 11, 4067)
(87, 34, 1661)
(87, 48, 1535)
(87, 49, 3641)
(87, 3, 3671)
(87, 5, 255)
(87, 8, 1342)
(87, 72, 3106)
(87, 81, 3247)
(87, 1, 4735)
(87, 17, 46)
(87, 84, 4907)
(87, 73, 1657)
(87, 37, 1782)
(87, 29, 720)
(88, 85, 2194)
(88, 47, 4115)
(88, 59, 4260)
(88, 54, 1138)
(88, 35, 1203)
(88, 43, 365)
(88, 12, 4076)
(88, 48, 550)
(88, 81, 372)
(88, 38, 4140)
(88, 76, 2985)
(88, 56, 276)
(88, 60, 3258)
(88, 84, 4169)
(88, 15, 4289)
(88, 6, 825)
(88, 63, 3919)
(88, 71, 4487)
(88, 74, 538)
(88, 8, 4172)
(88, 57, 1209)
(88, 62, 3899)
(88, 66, 3873)
(88, 25, 4166)
(88, 52, 3004)
(88, 34, 3554)
(88, 79, 2558)
(88, 50, 1105)
(88, 33, 3613)
(88, 42, 2556)
(88, 41, 705)
(88, 4, 4803)
(88, 68, 1366)
(88, 65, 3756)
(88, 5, 4958)
(88, 45, 1909)
(88, 27, 2054)
(88, 83, 4770)
(88, 22, 543)
(88, 37, 1497)
(88, 72, 3465)
(88, 18, 1737)
(88, 19, 1840)
(88, 9, 272)
(88, 17, 1965)
(88, 30, 4164)
(88, 46, 4227)
(89, 76, 1992)
(89, 8, 3458)
(89, 40, 1005)
(89, 62, 3322)
(89, 34, 4433)
(89, 63, 3572)
(89, 75, 1300)
(89, 55, 3405)
(89, 9, 3238)
(89, 83, 3392)
(89, 57, 4323)
(89, 2, 4180)
(89, 61, 2768)
(89, 84, 2699)
(90, 31, 1182)
(90, 36, 1477)
(90, 24, 2141)
(90, 8, 3007)
(90, 35, 3713)
(90, 61, 3147)
(90, 34, 1941)
(90, 72, 917)
(90, 33, 64)
(90, 6, 1759)
(90, 84, 3906)
(90, 73, 1710)
(90, 40, 4535)
(90, 29, 60)
(90, 0, 2711)
(90, 44, 1680)
(90, 23, 775)
(90, 70, 126)
(90, 18, 4902)
(90, 66, 4205)
(90, 48, 2441)
(90, 21, 4213)
(90, 17, 3969)
(90, 80, 1530)
(90, 42, 1641)
(90, 89, 119)
(90, 10, 798)
(90, 81, 546)
(90, 56, 4656)
(90, 86, 3081)
(90, 54, 3874)
(90, 2, 483)
(90, 51, 350)
(90, 9, 4533)
(90, 83, 3441)
(90, 47, 1894)
(90, 38, 3422)
(90, 19, 4348)
(90, 79, 267)
(90, 3, 157)
(90, 82, 4597)
(90, 13, 4521)
(90, 78, 1210)
(90, 53, 1358)
(90, 88, 3055)
(90, 46, 2015)
(90, 57, 4004)
(90, 67, 2798)
(90, 50, 4124)
(90, 20, 3303)
(90, 41, 4072)
(90, 65, 3144)
(90, 37, 3255)
(90, 75, 3497)
(90, 11, 1595)
(90, 7, 4559)
(90, 4, 690)
(90, 5, 193)
(90, 12, 2593)
(90, 39, 2085)
(90, 52, 318)
(90, 26, 3268)
(90, 58, 1907)
(90, 22, 433)
(90, 76, 1560)
(90, 62, 4520)
(90, 1, 2459)
(90, 71, 909)
(90, 68, 3298)
(91, 13, 3313)
(91, 76, 4366)
(91, 79, 1916)
(91, 44, 2958)
(91, 85, 4780)
(91, 43, 2538)
(91, 58, 2645)
(91, 56, 822)
(91, 67, 1185)
(91, 80, 4496)
(91, 66, 1145)
(91, 3, 210)
(91, 70, 1996)
(91, 73, 277)
(91, 40, 4014)
(91, 53, 4692)
(91, 15, 3946)
(91, 51, 3378)
(91, 46, 2064)
(91, 72, 1307)
(91, 84, 2158)
(91, 47, 1911)
(91, 26, 4497)
(91, 37, 1483)
(91, 23, 2304)
(91, 14, 1473)
(91, 64, 4310)
(91, 61, 1955)
(91, 87, 353)
(91, 50, 4639)
(91, 59, 2796)
(91, 11, 2714)
(91, 39, 4704)
(91, 33, 257)
(91, 69, 253)
(91, 71, 2517)
(91, 90, 3980)
(91, 55, 1676)
(91, 16, 572)
(91, 35, 2972)
(91, 75, 463)
(91, 5, 4655)
(91, 24, 3517)
(91, 10, 1673)
(91, 28, 3031)
(91, 12, 124)
(91, 17, 3823)
(91, 4, 1637)
(91, 49, 4629)
(91, 2, 4930)
(91, 38, 2974)
(91, 74, 766)
(91, 48, 3678)
(91, 7, 181)
(91, 88, 2575)
(91, 21, 2658)
(91, 77, 1215)
(91, 52, 359)
(91, 65, 3233)
(91, 9, 3622)
(91, 6, 3263)
(91, 27, 2978)
(91, 54, 4746)
(91, 36, 2268)
(91, 8, 2361)
(91, 81, 3605)
(91, 32, 3252)
(91, 82, 2589)
(91, 89, 2364)
(91, 41, 4717)
(91, 83, 376)
(91, 45, 4691)
(91, 68, 745)
(91, 86, 2025)
(91, 62, 2973)
(91, 63, 4619)
(91, 1, 4118)
(91, 31, 4286)
(91, 19, 4827)
(92, 90, 4658)
(92, 78, 2418)
(92, 49, 4446)
(92, 69, 603)
(92, 73, 1721)
(92, 12, 4833)
(92, 40, 2024)
(92, 5, 4916)
(92, 31, 3986)
(92, 38, 3547)
(92, 50, 4309)
(92, 26, 1725)
(92, 13, 4425)
(92, 61, 604)
(92, 77, 569)
(92, 25, 4135)
(92, 87, 1983)
(92, 71, 4701)
(92, 47, 4390)
(92, 65, 2940)
(92, 11, 3017)
(92, 89, 4518)
(92, 76, 4864)
(92, 21, 1230)
(92, 56, 4272)
(92, 91, 4659)
(92, 6, 908)
(92, 17, 1063)
(92, 42, 1461)
(92, 59, 517)
(92, 66, 834)
(92, 67, 3281)
(92, 0, 3513)
(92, 79, 762)
(92, 88, 4576)
(92, 7, 1277)
(92, 16, 2373)
(92, 80, 3810)
(93, 9, 912)
(93, 43, 2081)
(93, 50, 2277)
(93, 49, 3044)
(93, 55, 377)
(93, 41, 4685)
(93, 77, 1060)
(93, 85, 3585)
(93, 68, 3394)
(93, 3, 3059)
(93, 2, 4924)
(93, 15, 4177)
(93, 53, 1553)
(93, 6, 3493)
(93, 64, 2883)
(93, 71, 4198)
(93, 11, 602)
(93, 74, 4170)
(93, 19, 2489)
(93, 37, 3118)
(93, 31, 1732)
(93, 51, 882)
(93, 69, 1838)
(93, 83, 4589)
(93, 78, 3872)
(93, 67, 2333)
(93, 8, 4025)
(93, 79, 375)
(93, 36, 1978)
(93, 81, 1172)
(93, 44, 3814)
(93, 66, 3659)
(93, 0, 3835)
(93, 22, 4769)
(93, 10, 1033)
(93, 32, 4783)
(93, 52, 2564)
(93, 86, 8)
(93, 20, 3863)
(93, 48, 3355)
(93, 23, 578)
(93, 61, 776)
(93, 30, 3312)
(93, 88, 258)
(93, 29, 4071)
(93, 45, 3800)
(93, 25, 4182)
(93, 75, 2925)
(93, 72, 4058)
(93, 7, 3353)
(93, 65, 4456)
(93, 62, 4587)
(93, 58, 2040)
(93, 16, 2493)
(93, 38, 668)
(93, 63, 2177)
(93, 60, 3283)
(93, 39, 2756)
(93, 91, 3680)
(93, 26, 3107)
(93, 5, 3325)
(93, 12, 2853)
(93, 27, 4333)
(93, 84, 2148)
(93, 59, 3396)
(93, 73, 4866)
(93, 42, 4934)
(93, 92, 4209)
(93, 35, 3343)
(93, 33, 445)
(93, 14, 3335)
(93, 21, 2432)
(93, 4, 2763)
(93, 24, 1714)
(93, 76, 3061)
(93, 87, 4836)
(93, 18, 623)
(93, 57, 4969)
(93, 54, 3216)
(93, 13, 1878)
(93, 28, 1335)
(93, 1, 328)
(93, 82, 2116)
(93, 17, 4771)
(94, 32, 4403)
(94, 87, 2860)
(94, 66, 91)
(94, 58, 4737)
(94, 40, 2413)
(94, 29, 300)
(94, 67, 3253)
(94, 51, 1981)
(94, 61, 3687)
(94, 82, 100)
(94, 42, 2103)
(94, 8, 1864)
(95, 42, 4967)
(95, 53, 1712)
(95, 74, 2006)
(95, 44, 2953)
(95, 22, 406)
(95, 51, 2411)
(95, 48, 2178)
(95, 41, 1574)
(95, 17, 1774)
(95, 5, 346)
(95, 63, 4370)
(95, 25, 1760)
(95, 11, 3562)
(95, 26, 1762)
(95, 93, 4966)
(95, 45, 56)
(95, 62, 1690)
(95, 69, 3714)
(95, 21, 3199)
(95, 58, 1002)
(95, 10, 1086)
(95, 77, 4829)
(95, 60, 551)
(95, 16, 3831)
(95, 14, 3483)
(95, 90, 4040)
(95, 40, 3471)
(95, 87, 3526)
(95, 28, 4899)
(95, 23, 2416)
(95, 54, 2078)
(95, 19, 3446)
(95, 86, 526)
(95, 89, 3862)
(95, 29, 1120)
(95, 32, 2572)
(95, 71, 2171)
(95, 94, 895)
(95, 82, 4824)
(95, 4, 4461)
(95, 91, 1884)
(95, 9, 841)
(95, 65, 2248)
(95, 30, 3965)
(95, 72, 2848)
(95, 13, 3127)
(95, 79, 4954)
(95, 1, 1061)
(95, 37, 2487)
(95, 7, 4516)
(95, 33, 2243)
(95, 50, 4610)
(95, 66, 215)
(95, 57, 2225)
(95, 59, 527)
(95, 27, 2019)
(95, 80, 4474)
(95, 85, 3895)
(95, 20, 985)
(95, 46, 2383)
(96, 44, 4059)
(96, 35, 4069)
(96, 81, 671)
(96, 89, 2281)
(96, 59, 3191)
(96, 25, 806)
(96, 13, 995)
(96, 85, 1350)
(97, 76, 695)
(97, 58, 3295)
(97, 26, 1015)
(97, 77, 1013)
(97, 52, 1451)
(97, 17, 1736)
(97, 40, 1596)
(97, 0, 2576)
(97, 89, 716)
(97, 93, 1435)
(97, 87, 2838)
(97, 28, 4369)
(97, 82, 273)
(97, 7, 522)
(97, 35, 2758)
(97, 47, 2336)
(97, 71, 3131)
(97, 16, 723)
(97, 23, 587)
(97, 92, 3384)
(97, 5, 1464)
(97, 29, 2727)
(97, 24, 2250)
(97, 42, 1200)
(97, 86, 4117)
(97, 30, 1148)
(97, 54, 3069)
(97, 53, 709)
(97, 27, 2677)
(97, 11, 32)
(97, 50, 1197)
(97, 48, 4845)
(97, 69, 1292)
(97, 34, 1527)
(97, 59, 3225)
(97, 65, 1248)
(97, 96, 3078)
(97, 51, 3349)
(97, 83, 4825)
(97, 94, 7)
(97, 68, 2568)
(97, 63, 1645)
(97, 56, 1372)
(97, 75, 1018)
(97, 84, 4232)
(97, 41, 2076)
(97, 22, 817)
(97, 49, 4736)
(97, 44, 3950)
(97, 74, 2450)
(97, 73, 460)
(97, 32, 4904)
(97, 57, 2774)
(97, 60, 3486)
(97, 61, 4792)
(97, 2, 129)
(97, 81, 3430)
(97, 10, 1446)
(97, 38, 3939)
(97, 1, 2331)
(97, 9, 2365)
(97, 46, 487)
(97, 13, 4565)
(97, 70, 3881)
(97, 21, 3941)
(97, 43, 2746)
(97, 6, 2808)
(97, 18, 1438)
(97, 91, 3381)
(97, 14, 1368)
(97, 64, 3150)
(97, 4, 4056)
(97, 80, 3372)
(97, 62, 4901)
(97, 19, 390)
(98, 65, 2312)
(98, 56, 2095)
(98, 38, 4114)
(98, 40, 4065)
(98, 74, 330)
(98, 44, 681)
(98, 47, 52)
(98, 0, 3042)
(98, 37, 2673)
(98, 95, 832)
(98, 16, 4653)
(98, 57, 120)
(99, 65, 3464)
(99, 39, 1514)
(99, 68, 4183)
(99, 31, 4705)
(99, 29, 3477)
(99, 6, 3940)
(99, 20, 3332)
(99, 59, 4843)
(99, 94, 4090)
(99, 72, 2259)
(99, 80, 4013)
(99, 52, 2094)
(99, 83, 3672)
(99, 76, 4712)
(99, 40, 3248)
(99, 28, 4996)
(99, 87, 2290)
(99, 84, 4748)
(99, 60, 1520)
(99, 53, 2962)
(99, 88, 1113)
(99, 26, 4682)
(99, 71, 1327)
(99, 0, 314)
(99, 33, 2000)
(99, 1, 918)
(99, 75, 1655)
(99, 38, 3192)
(99, 8, 1794)
(99, 15, 749)
(99, 89, 828)
(99, 51, 3000)
(99, 90, 3849)
(99, 63, 3684)
(99, 25, 1313)
(99, 95, 2363)
(99, 30, 790)
(99, 23, 1865)
(99, 96, 971)
(99, 67, 770)
(99, 79, 3976)
(99, 41, 2957)
(99, 55, 4282)
(99, 21, 4545)
(99, 74, 1897)
(99, 11, 2844)
(99, 70, 1472)
(99, 2, 2036)
