151
(1, 0, 4547)
(2, 1, 4109)
(2, 0, 11331)
(3, 1, 589)
(3, 0, 11229)
(3, 2, 8158)
(4, 3, 6493)
(4, 0, 560)
(4, 2, 7830)
(4, 1, 9684)
(5, 3, 48)
(5, 0, 396)
(6, 0, 9975)
(6, 1, 2725)
(6, 2, 7808)
(6, 3, 9052)
(6, 5, 5234)
(6, 4, 4692)
(7, 4, 8265)
(7, 1, 1026)
(7, 6, 4947)
(7, 2, 9143)
(7, 0, 8113)
(8, 2, 8819)
(8, 7, 10881)
(8, 1, 10232)
(8, 5, 8921)
(8, 0, 9251)
(9, 4, 5525)
(9, 8, 1262)
(9, 7, 1995)
(9, 2, 7757)
(9, 3, 3052)
(9, 0, 2673)
(9, 5, 8107)
(9, 6, 5616)
(10, 9, 3198)
(10, 2, 8427)
(10, 0, 8399)
(10, 5, 9349)
(10, 7, 9031)
(11, 1, 3223)
(11, 5, 10153)
(11, 8, 10229)
(11, 7, 3215)
(11, 9, 9695)
(11, 6, 3908)
(11, 3, 9002)
(11, 2, 7630)
(11, 10, 4720)
(11, 4, 4172)
(12, 10, 665)
(12, 11, 3222)
(12, 6, 834)
(12, 9, 4169)
(13, 1, 9598)
(13, 0, 4305)
(13, 5, 1632)
(13, 3, 2256)
(13, 9, 5430)
(13, 10, 4080)
(13, 6, 4908)
(13, 2, 5325)
(13, 7, 5253)
(14, 8, 5287)
(14, 10, 2985)
(14, 4, 3700)
(14, 7, 2163)
(14, 2, 4332)
(14, 5, 10932)
(14, 0, 6035)
(14, 12, 2747)
(14, 3, 4591)
(14, 9, 298)
(14, 13, 4667)
(14, 6, 2883)
(14, 1, 4211)
(14, 11, 1267)
(15, 14, 6545)
(15, 13, 9808)
(15, 6, 9287)
(16, 13, 4568)
(16, 14, 8118)
(16, 1, 8972)
(16, 3, 7855)
(17, 16, 10212)
(18, 2, 6309)
(18, 9, 5948)
(18, 13, 494)
(18, 14, 2978)
(18, 10, 2105)
(18, 11, 3664)
(18, 6, 9522)
(18, 16, 5952)
(18, 4, 4070)
(18, 15, 15)
(18, 8, 2323)
(18, 0, 4721)
(18, 1, 9737)
(19, 7, 9269)
(19, 16, 8223)
(19, 9, 1756)
(19, 2, 1362)
(19, 4, 1508)
(20, 4, 2446)
(20, 16, 9795)
(20, 5, 5105)
(20, 12, 5905)
(20, 3, 9061)
(20, 8, 11183)
(20, 19, 2600)
(20, 7, 585)
(20, 6, 5605)
(20, 2, 6752)
(20, 10, 5179)
(20, 14, 2564)
(21, 3, 9123)
(21, 10, 4587)
(21, 6, 1024)
(21, 16, 10336)
(21, 19, 5829)
(21, 1, 11)
(21, 0, 7358)
(21, 13, 10614)
(21, 12, 6271)
(21, 4, 1296)
(21, 15, 8453)
(21, 8, 7046)
(21, 14, 7122)
(21, 18, 9225)
(21, 17, 10534)
(21, 7, 7523)
(21, 2, 404)
(21, 5, 5038)
(21, 20, 6765)
(22, 12, 2992)
(22, 18, 6194)
(22, 2, 174)
(22, 7, 2187)
(22, 14, 6166)
(22, 10, 11273)
(23, 21, 5557)
(23, 7, 4701)
(23, 11, 2459)
(23, 14, 1319)
(23, 17, 7247)
(23, 19, 7039)
(23, 2, 10963)
(23, 0, 5143)
(23, 8, 9015)
(23, 5, 8029)
(23, 18, 5208)
(23, 4, 10100)
(23, 22, 7510)
(23, 15, 1182)
(23, 6, 8280)
(23, 13, 695)
(23, 16, 4106)
(23, 3, 11196)
(23, 9, 2194)
(23, 12, 4620)
(24, 17, 2874)
(24, 6, 7906)
(24, 7, 114)
(24, 23, 1732)
(24, 4, 1045)
(25, 21, 2659)
(25, 22, 7093)
(26, 4, 2949)
(26, 24, 3501)
(26, 17, 67)
(26, 8, 7261)
(26, 20, 7600)
(26, 9, 9559)
(26, 14, 5469)
(26, 10, 8003)
(26, 25, 1447)
(27, 26, 9230)
(27, 6, 4996)
(27, 13, 25)
(27, 20, 10531)
(27, 9, 6977)
(27, 7, 6359)
(27, 1, 798)
(27, 16, 571)
(27, 15, 10123)
(27, 4, 7891)
(27, 3, 9816)
(27, 21, 7539)
(27, 18, 3030)
(27, 24, 6944)
(27, 19, 9912)
(27, 2, 11040)
(27, 5, 1435)
(27, 8, 2881)
(27, 12, 7936)
(27, 10, 702)
(27, 22, 5174)
(27, 14, 791)
(27, 23, 8668)
(27, 17, 338)
(27, 0, 2635)
(27, 25, 2064)
(28, 15, 10718)
(28, 2, 10298)
(28, 21, 8721)
(28, 9, 11372)
(28, 26, 8239)
(28, 5, 1503)
(28, 3, 859)
(28, 20, 6891)
(28, 1, 5822)
(28, 12, 8184)
(28, 11, 2534)
(28, 24, 7582)
(28, 17, 926)
(28, 7, 10104)
(28, 27, 5925)
(28, 23, 7465)
(28, 22, 9222)
(28, 4, 8753)
(28, 14, 5936)
(28, 0, 6014)
(28, 8, 7131)
(29, 12, 10134)
(29, 23, 573)
(29, 5, 4447)
(29, 10, 5632)
(29, 7, 2051)
(29, 0, 8988)
(29, 21, 4585)
(29, 3, 5968)
(29, 14, 5395)
(29, 24, 5526)
(30, 19, 4565)
(30, 20, 4388)
(30, 16, 2706)
(30, 4, 3306)
(30, 9, 6433)
(30, 8, 4690)
(30, 7, 10301)
(30, 15, 2484)
(30, 13, 6762)
(30, 0, 8796)
(30, 14, 8200)
(30, 1, 6441)
(30, 10, 2887)
(30, 21, 2854)
(30, 3, 7667)
(30, 6, 1713)
(30, 29, 5285)
(30, 24, 5625)
(30, 2, 6316)
(30, 28, 10461)
(30, 12, 5652)
(30, 26, 428)
(31, 26, 2231)
(31, 3, 11376)
(31, 6, 10581)
(31, 15, 1798)
(31, 17, 5481)
(31, 7, 9495)
(31, 14, 10041)
(31, 9, 3673)
(32, 6, 4611)
(32, 26, 5074)
(32, 11, 948)
(32, 2, 697)
(32, 4, 4889)
(32, 31, 7911)
(32, 5, 7486)
(32, 22, 835)
(32, 30, 8987)
(32, 18, 4610)
(32, 28, 699)
(32, 10, 11335)
(32, 16, 69)
(32, 12, 10285)
(32, 7, 765)
(32, 17, 359)
(32, 13, 7883)
(32, 14, 5305)
(32, 19, 535)
(32, 1, 1373)
(32, 15, 4472)
(32, 27, 2224)
(32, 20, 10781)
(32, 23, 2431)
(32, 0, 5770)
(32, 24, 4936)
(33, 4, 3507)
(33, 29, 9437)
(33, 30, 4762)
(33, 22, 10085)
(33, 25, 4134)
(33, 10, 11085)
(33, 21, 1463)
(33, 20, 331)
(33, 0, 7461)
(33, 11, 6295)
(33, 13, 10255)
(33, 8, 10091)
(33, 16, 3023)
(33, 2, 1381)
(33, 23, 10186)
(33, 7, 727)
(33, 27, 11250)
(33, 18, 4652)
(33, 26, 7314)
(33, 5, 5735)
(33, 15, 1788)
(34, 6, 4435)
(34, 18, 8019)
(34, 8, 10441)
(34, 14, 8770)
(34, 21, 5209)
(34, 7, 2052)
(34, 20, 2196)
(34, 19, 1217)
(34, 30, 670)
(34, 9, 8400)
(35, 14, 5010)
(35, 22, 4578)
(35, 3, 9121)
(35, 28, 6708)
(35, 31, 8591)
(35, 16, 3248)
(35, 18, 5712)
(35, 12, 10727)
(35, 9, 5221)
(35, 26, 1306)
(35, 33, 3300)
(35, 32, 4840)
(35, 30, 6330)
(35, 24, 10582)
(35, 4, 6283)
(35, 27, 4146)
(35, 10, 8924)
(35, 13, 3355)
(35, 20, 3409)
(35, 17, 10794)
(35, 0, 6800)
(35, 5, 8990)
(35, 34, 2914)
(35, 25, 8760)
(35, 29, 7468)
(35, 8, 8590)
(35, 1, 6967)
(35, 11, 3553)
(35, 7, 5821)
(35, 2, 6431)
(35, 23, 3204)
(35, 15, 7087)
(35, 6, 6674)
(36, 23, 10679)
(36, 25, 10951)
(36, 34, 7915)
(36, 10, 7237)
(36, 8, 4220)
(36, 2, 4691)
(36, 29, 10405)
(36, 11, 822)
(36, 33, 6481)
(36, 24, 1624)
(36, 6, 790)
(36, 0, 8748)
(36, 13, 3541)
(36, 27, 2225)
(36, 15, 1637)
(36, 22, 4559)
(36, 4, 10695)
(36, 30, 5322)
(36, 1, 5933)
(36, 31, 10277)
(36, 18, 8241)
(36, 14, 8925)
(36, 17, 3443)
(36, 5, 10079)
(36, 26, 11120)
(36, 16, 8476)
(36, 3, 9649)
(36, 21, 4878)
(37, 17, 943)
(37, 14, 10078)
(37, 31, 6101)
(37, 10, 10204)
(37, 36, 9851)
(37, 35, 9091)
(37, 24, 3143)
(37, 26, 5018)
(37, 12, 3442)
(37, 25, 7003)
(37, 22, 10455)
(37, 29, 10379)
(37, 0, 4418)
(37, 8, 1165)
(37, 30, 5544)
(37, 3, 759)
(37, 15, 9355)
(37, 5, 3916)
(37, 16, 9592)
(37, 18, 10985)
(37, 1, 6435)
(37, 28, 5580)
(37, 32, 7350)
(37, 6, 857)
(37, 11, 2973)
(37, 27, 1257)
(37, 13, 1286)
(37, 19, 8646)
(37, 9, 4461)
(37, 23, 8812)
(37, 20, 4307)
(37, 7, 9948)
(37, 4, 1631)
(37, 21, 706)
(37, 2, 4809)
(37, 34, 10878)
(37, 33, 2654)
(38, 16, 644)
(38, 28, 6568)
(38, 12, 9866)
(38, 36, 8144)
(38, 10, 921)
(38, 9, 3076)
(38, 37, 2425)
(38, 29, 8341)
(38, 19, 5961)
(38, 3, 2289)
(38, 0, 4111)
(38, 24, 8010)
(39, 11, 1621)
(39, 33, 7205)
(39, 3, 1299)
(39, 24, 9877)
(39, 17, 7495)
(39, 0, 155)
(39, 22, 2074)
(39, 34, 4444)
(39, 23, 8140)
(39, 6, 5403)
(39, 20, 6799)
(39, 21, 40)
(39, 32, 1864)
(39, 25, 2021)
(39, 30, 8173)
(39, 38, 1783)
(39, 14, 3203)
(39, 36, 1188)
(39, 15, 9996)
(39, 26, 10527)
(39, 27, 6178)
(39, 2, 9003)
(39, 37, 5156)
(39, 19, 11395)
(40, 36, 1708)
(40, 22, 9399)
(40, 3, 421)
(40, 39, 3487)
(40, 16, 10492)
(40, 15, 371)
(40, 27, 10754)
(40, 12, 8462)
(40, 30, 9879)
(40, 0, 8435)
(40, 26, 11153)
(40, 35, 9301)
(40, 29, 10544)
(40, 17, 8349)
(40, 8, 2646)
(40, 25, 1315)
(40, 2, 3115)
(40, 34, 1984)
(40, 13, 1132)
(40, 20, 2197)
(40, 6, 10792)
(40, 31, 1824)
(40, 38, 6087)
(40, 9, 2419)
(40, 21, 6222)
(40, 1, 238)
(40, 4, 10261)
(40, 19, 5047)
(40, 10, 8063)
(40, 37, 5465)
(40, 14, 4192)
(41, 17, 4450)
(41, 13, 5175)
(41, 38, 1802)
(41, 35, 162)
(41, 26, 7829)
(41, 11, 1291)
(41, 1, 2400)
(41, 2, 5138)
(41, 37, 2456)
(42, 25, 2421)
(42, 0, 1160)
(42, 32, 1973)
(42, 37, 6995)
(42, 21, 5020)
(42, 23, 3202)
(42, 38, 6199)
(42, 33, 8577)
(42, 35, 7913)
(42, 29, 799)
(42, 15, 4520)
(42, 24, 11308)
(42, 36, 9555)
(42, 4, 10813)
(42, 10, 6089)
(42, 13, 7819)
(42, 39, 420)
(42, 16, 2216)
(42, 19, 5989)
(42, 26, 8559)
(42, 11, 9947)
(42, 8, 9387)
(42, 2, 6221)
(42, 9, 7822)
(42, 20, 11152)
(42, 30, 5494)
(42, 12, 4301)
(42, 18, 7719)
(42, 3, 8198)
(42, 31, 11242)
(42, 7, 4612)
(43, 29, 944)
(43, 10, 2030)
(44, 32, 10006)
(44, 16, 6303)
(44, 43, 513)
(44, 36, 2466)
(44, 34, 3510)
(44, 22, 6803)
(44, 37, 5421)
(44, 7, 6611)
(44, 35, 2132)
(44, 20, 411)
(44, 23, 10051)
(44, 40, 3192)
(44, 2, 7396)
(44, 30, 9219)
(44, 27, 5148)
(44, 26, 11164)
(44, 9, 3998)
(44, 29, 7871)
(44, 3, 7628)
(44, 42, 5940)
(44, 10, 612)
(44, 41, 3577)
(44, 38, 9237)
(44, 31, 2825)
(44, 19, 3042)
(44, 5, 3343)
(44, 0, 4986)
(44, 6, 1054)
(44, 11, 3126)
(44, 1, 5717)
(44, 24, 5879)
(44, 21, 2967)
(44, 13, 1149)
(44, 17, 578)
(44, 33, 720)
(44, 14, 6363)
(45, 30, 8289)
(45, 19, 4755)
(45, 5, 3466)
(45, 0, 4348)
(45, 3, 6012)
(45, 15, 1638)
(45, 12, 45)
(45, 34, 93)
(45, 35, 10688)
(45, 28, 2118)
(45, 38, 2719)
(45, 6, 7578)
(45, 1, 5650)
(45, 14, 600)
(45, 40, 2495)
(45, 7, 4604)
(45, 41, 4103)
(45, 2, 1083)
(45, 22, 4116)
(45, 17, 2853)
(45, 24, 2781)
(45, 20, 9645)
(45, 32, 8743)
(45, 16, 3114)
(45, 23, 10330)
(45, 10, 9063)
(45, 13, 4512)
(45, 8, 2536)
(45, 26, 2047)
(45, 36, 6518)
(46, 10, 692)
(46, 13, 8149)
(46, 41, 3331)
(47, 16, 3659)
(47, 30, 9549)
(47, 37, 10362)
(47, 19, 9194)
(47, 24, 2388)
(47, 36, 8853)
(47, 14, 207)
(47, 41, 7472)
(47, 10, 10447)
(47, 25, 1212)
(47, 20, 10936)
(47, 44, 8448)
(47, 26, 11002)
(47, 32, 7308)
(47, 42, 2720)
(47, 38, 10435)
(47, 1, 7233)
(47, 28, 10192)
(47, 8, 8814)
(47, 21, 10826)
(47, 11, 11036)
(47, 22, 5238)
(47, 33, 1174)
(47, 35, 5295)
(47, 0, 4090)
(47, 31, 10208)
(47, 12, 6706)
(47, 39, 10074)
(47, 18, 5291)
(47, 17, 5353)
(47, 27, 6027)
(47, 9, 8932)
(47, 5, 391)
(47, 4, 3468)
(47, 34, 4119)
(47, 3, 47)
(47, 45, 10523)
(47, 23, 7934)
(47, 46, 169)
(48, 40, 1000)
(48, 4, 7831)
(48, 3, 5102)
(48, 14, 2841)
(48, 10, 216)
(48, 42, 4219)
(48, 6, 2120)
(48, 18, 5704)
(48, 29, 9622)
(48, 32, 10291)
(48, 33, 9270)
(48, 45, 1080)
(48, 13, 1908)
(48, 30, 6108)
(48, 21, 8099)
(48, 9, 2024)
(48, 25, 7153)
(48, 35, 7287)
(48, 47, 874)
(48, 38, 3878)
(48, 0, 9981)
(48, 15, 9033)
(48, 19, 350)
(48, 37, 7086)
(48, 26, 8254)
(48, 24, 4563)
(48, 1, 4300)
(48, 16, 1322)
(48, 39, 8083)
(48, 5, 7734)
(48, 34, 8327)
(48, 27, 3241)
(48, 12, 7279)
(48, 36, 9107)
(48, 28, 4048)
(48, 23, 10525)
(48, 22, 3321)
(48, 41, 5949)
(48, 31, 7737)
(48, 46, 9201)
(48, 43, 7432)
(48, 8, 51)
(48, 20, 5055)
(48, 2, 7276)
(48, 7, 1414)
(48, 44, 3347)
(48, 17, 8473)
(48, 11, 5538)
(49, 29, 4394)
(49, 14, 8207)
(49, 15, 8992)
(49, 39, 9062)
(49, 5, 3702)
(49, 47, 8124)
(49, 8, 1200)
(49, 34, 3353)
(49, 41, 2104)
(49, 27, 3586)
(49, 48, 2727)
(49, 33, 7550)
(49, 25, 131)
(49, 9, 7451)
(49, 10, 4600)
(49, 35, 2384)
(49, 2, 9859)
(50, 22, 7720)
(50, 42, 1227)
(50, 7, 10847)
(50, 18, 2152)
(50, 9, 1816)
(50, 39, 892)
(51, 18, 9900)
(51, 29, 7947)
(51, 5, 7957)
(51, 2, 9126)
(51, 36, 10183)
(51, 10, 4622)
(51, 38, 2440)
(51, 7, 6226)
(51, 49, 3499)
(51, 47, 7340)
(51, 16, 456)
(51, 27, 3785)
(51, 14, 3818)
(51, 13, 8671)
(51, 25, 6669)
(51, 34, 6633)
(51, 33, 415)
(51, 30, 8726)
(51, 43, 1964)
(51, 15, 2681)
(51, 39, 6367)
(51, 45, 4295)
(51, 22, 5095)
(51, 41, 1614)
(51, 40, 10766)
(51, 28, 4051)
(51, 35, 3607)
(51, 6, 915)
(51, 42, 2940)
(51, 12, 3038)
(51, 19, 81)
(51, 17, 8087)
(51, 46, 3901)
(51, 1, 7453)
(51, 8, 3652)
(51, 32, 7644)
(51, 44, 7553)
(51, 48, 8797)
(51, 3, 5387)
(51, 31, 11158)
(51, 21, 10151)
(51, 37, 9099)
(51, 11, 3758)
(51, 20, 417)
(52, 40, 221)
(52, 49, 5778)
(52, 11, 1060)
(52, 44, 3424)
(52, 37, 617)
(52, 2, 1444)
(52, 1, 6524)
(53, 22, 1030)
(53, 28, 4436)
(53, 26, 1736)
(53, 9, 10848)
(53, 12, 9140)
(53, 38, 9124)
(53, 37, 341)
(53, 46, 63)
(53, 49, 7772)
(53, 24, 5511)
(53, 36, 4885)
(53, 27, 2149)
(53, 44, 9856)
(53, 15, 375)
(53, 41, 3465)
(53, 8, 9824)
(53, 39, 7781)
(53, 21, 6008)
(53, 35, 2771)
(54, 5, 7075)
(54, 36, 3807)
(54, 24, 4903)
(54, 29, 4525)
(54, 44, 4319)
(54, 17, 6642)
(54, 16, 1698)
(54, 6, 6766)
(54, 3, 8433)
(54, 20, 1649)
(54, 25, 2220)
(54, 45, 7397)
(54, 39, 8209)
(54, 34, 2729)
(54, 2, 7174)
(54, 11, 2748)
(54, 31, 1278)
(54, 52, 6726)
(54, 49, 8444)
(54, 7, 472)
(54, 47, 6240)
(54, 21, 2667)
(54, 40, 11194)
(54, 30, 9615)
(54, 14, 9745)
(54, 43, 1309)
(54, 19, 10938)
(54, 38, 5835)
(54, 23, 9044)
(54, 8, 7618)
(54, 9, 5730)
(54, 51, 4216)
(54, 35, 8822)
(54, 42, 6232)
(54, 4, 7646)
(54, 48, 6187)
(54, 22, 1238)
(54, 10, 10916)
(55, 26, 1097)
(55, 18, 8856)
(55, 48, 10760)
(55, 50, 10484)
(55, 19, 4920)
(55, 30, 1043)
(55, 43, 3165)
(55, 1, 3689)
(55, 9, 4499)
(55, 40, 8872)
(55, 31, 2698)
(55, 45, 11263)
(55, 5, 2763)
(55, 16, 7702)
(55, 34, 8375)
(55, 15, 9958)
(56, 16, 9094)
(56, 30, 1308)
(56, 45, 497)
(56, 24, 900)
(56, 35, 6405)
(56, 50, 908)
(56, 3, 10868)
(56, 21, 6120)
(56, 42, 3784)
(56, 34, 8764)
(56, 47, 5170)
(56, 1, 9164)
(56, 31, 10584)
(56, 13, 972)
(56, 53, 7747)
(56, 5, 11358)
(56, 14, 6401)
(56, 2, 8994)
(56, 9, 7239)
(57, 4, 11124)
(57, 42, 8662)
(57, 44, 6164)
(57, 24, 7156)
(57, 38, 3320)
(58, 5, 9316)
(58, 48, 9337)
(58, 26, 3768)
(58, 31, 4409)
(58, 46, 9407)
(58, 49, 1923)
(58, 54, 2011)
(58, 41, 10234)
(58, 42, 8263)
(58, 57, 1738)
(58, 17, 246)
(58, 37, 2346)
(58, 19, 1750)
(58, 9, 10674)
(58, 23, 436)
(58, 10, 9705)
(58, 47, 10541)
(58, 36, 9801)
(58, 56, 5393)
(58, 53, 6850)
(58, 7, 3260)
(58, 25, 83)
(58, 28, 800)
(58, 1, 6788)
(58, 18, 3400)
(58, 34, 10166)
(58, 13, 1609)
(58, 27, 4874)
(58, 12, 9846)
(58, 0, 7266)
(58, 3, 10124)
(59, 6, 2790)
(59, 38, 2387)
(59, 49, 655)
(59, 42, 6159)
(59, 51, 10252)
(59, 3, 542)
(59, 14, 9791)
(59, 54, 4475)
(59, 26, 2266)
(59, 43, 5155)
(59, 31, 1717)
(59, 5, 1859)
(59, 46, 10142)
(59, 55, 1273)
(59, 20, 5913)
(59, 48, 10414)
(59, 41, 7391)
(59, 23, 10236)
(59, 22, 5644)
(59, 13, 7518)
(59, 58, 182)
(59, 36, 6390)
(59, 2, 4206)
(59, 16, 4417)
(59, 44, 8844)
(59, 18, 10359)
(59, 24, 8374)
(59, 52, 10295)
(59, 28, 1364)
(59, 11, 8077)
(59, 53, 11282)
(59, 21, 3931)
(59, 27, 1598)
(59, 10, 3486)
(59, 45, 1625)
(59, 8, 390)
(59, 56, 10997)
(59, 37, 6455)
(59, 35, 10210)
(59, 39, 1650)
(59, 32, 5410)
(59, 47, 5050)
(59, 19, 9024)
(59, 15, 6949)
(59, 29, 9318)
(59, 9, 7631)
(60, 9, 8620)
(60, 39, 6480)
(60, 7, 2433)
(60, 41, 9728)
(60, 55, 7192)
(60, 18, 5467)
(60, 13, 7555)
(60, 10, 3559)
(60, 47, 260)
(60, 48, 6918)
(60, 25, 10370)
(60, 36, 4923)
(60, 30, 7190)
(60, 5, 6368)
(60, 54, 8404)
(60, 16, 11338)
(60, 56, 2481)
(60, 1, 3469)
(60, 20, 7435)
(60, 24, 3179)
(60, 51, 8272)
(60, 6, 5323)
(60, 27, 725)
(60, 8, 5300)
(60, 44, 10037)
(60, 19, 9389)
(60, 45, 7867)
(60, 29, 10287)
(60, 33, 2621)
(60, 4, 1152)
(60, 22, 11143)
(60, 21, 10311)
(60, 35, 1056)
(60, 50, 3829)
(60, 38, 7017)
(60, 49, 1945)
(60, 43, 5691)
(60, 15, 5002)
(60, 46, 10623)
(60, 42, 1271)
(60, 32, 4790)
(60, 34, 9837)
(60, 14, 5114)
(60, 28, 2271)
(60, 12, 2957)
(61, 40, 4965)
(61, 10, 805)
(61, 46, 7433)
(61, 44, 8752)
(61, 37, 2714)
(61, 22, 3879)
(61, 30, 6796)
(61, 5, 1179)
(61, 4, 2331)
(61, 17, 5530)
(61, 26, 11126)
(61, 58, 10005)
(61, 29, 6467)
(61, 57, 8073)
(61, 55, 10020)
(61, 41, 5670)
(61, 12, 6502)
(61, 7, 9809)
(61, 1, 11180)
(61, 47, 7560)
(61, 3, 979)
(61, 27, 3375)
(61, 39, 7836)
(61, 35, 9504)
(61, 13, 9642)
(61, 59, 6842)
(61, 8, 314)
(61, 2, 8786)
(61, 60, 4906)
(61, 20, 11024)
(61, 51, 10412)
(61, 16, 4545)
(61, 42, 4069)
(61, 54, 9938)
(61, 15, 1321)
(61, 48, 7990)
(61, 9, 855)
(61, 36, 10221)
(61, 45, 8789)
(61, 23, 10202)
(61, 0, 5788)
(61, 18, 7610)
(61, 21, 1492)
(61, 19, 8963)
(61, 33, 4431)
(61, 38, 7319)
(61, 6, 1476)
(61, 11, 7072)
(61, 53, 9005)
(61, 52, 7754)
(61, 31, 5069)
(61, 50, 7137)
(61, 28, 2993)
(61, 14, 10485)
(62, 15, 3606)
(62, 5, 10087)
(62, 23, 3303)
(62, 18, 6588)
(62, 8, 6914)
(62, 25, 477)
(62, 21, 5864)
(62, 13, 9864)
(62, 47, 8461)
(63, 23, 5205)
(63, 42, 728)
(63, 17, 8259)
(63, 39, 6055)
(63, 9, 11032)
(63, 38, 10862)
(63, 44, 9760)
(63, 61, 7991)
(63, 60, 3827)
(63, 7, 9163)
(63, 55, 10783)
(63, 36, 3461)
(63, 46, 1692)
(63, 57, 7228)
(63, 33, 10510)
(63, 6, 10157)
(63, 50, 344)
(63, 26, 9364)
(63, 22, 3942)
(63, 2, 8386)
(63, 54, 2462)
(63, 24, 11191)
(63, 8, 5297)
(63, 40, 7812)
(63, 25, 1022)
(63, 52, 6172)
(63, 58, 9057)
(63, 29, 8020)
(63, 21, 4384)
(63, 14, 6919)
(63, 20, 8908)
(63, 16, 11093)
(63, 31, 6592)
(63, 53, 4664)
(63, 28, 8152)
(63, 13, 11399)
(63, 1, 1357)
(63, 51, 9618)
(63, 48, 11233)
(64, 5, 10956)
(64, 35, 5660)
(64, 12, 342)
(64, 14, 7647)
(64, 15, 8657)
(64, 55, 9616)
(64, 9, 10930)
(64, 0, 9700)
(64, 21, 806)
(64, 47, 8443)
(64, 46, 6075)
(64, 13, 5707)
(64, 2, 11010)
(64, 59, 1175)
(64, 52, 7476)
(64, 61, 2301)
(64, 48, 956)
(64, 19, 3683)
(64, 33, 832)
(64, 7, 10528)
(64, 29, 2846)
(64, 42, 8430)
(64, 57, 6826)
(65, 20, 996)
(65, 8, 10550)
(65, 24, 649)
(65, 18, 1833)
(65, 19, 3216)
(65, 47, 2740)
(65, 9, 3966)
(65, 41, 7658)
(65, 37, 760)
(65, 7, 7854)
(65, 22, 2744)
(65, 21, 1178)
(65, 14, 11037)
(65, 4, 9084)
(65, 33, 10771)
(65, 5, 483)
(65, 30, 6043)
(65, 0, 6771)
(65, 38, 984)
(65, 62, 4729)
(65, 40, 6374)
(65, 61, 3410)
(65, 45, 5308)
(65, 35, 9300)
(65, 51, 10500)
(65, 58, 8854)
(65, 39, 2832)
(65, 17, 10858)
(65, 53, 7762)
(66, 19, 4402)
(66, 20, 10926)
(66, 56, 10744)
(66, 38, 10961)
(66, 33, 10621)
(66, 6, 354)
(66, 43, 4369)
(66, 13, 4267)
(66, 17, 2756)
(66, 31, 1949)
(66, 0, 495)
(66, 49, 2582)
(66, 63, 10306)
(66, 60, 9496)
(66, 47, 9713)
(66, 37, 6729)
(66, 18, 898)
(66, 42, 11107)
(66, 10, 2712)
(66, 14, 1693)
(66, 16, 3271)
(66, 28, 10612)
(66, 22, 5290)
(66, 40, 638)
(66, 36, 7076)
(66, 54, 6973)
(66, 61, 1192)
(66, 9, 4890)
(66, 53, 1675)
(67, 28, 3674)
(67, 45, 1395)
(67, 14, 572)
(67, 55, 6472)
(67, 46, 1519)
(67, 66, 6340)
(67, 30, 3153)
(67, 60, 8273)
(67, 25, 7945)
(67, 49, 6565)
(67, 65, 7390)
(67, 26, 8875)
(67, 59, 9432)
(68, 55, 9463)
(68, 1, 2409)
(68, 22, 5130)
(68, 52, 2189)
(68, 24, 4972)
(68, 41, 6757)
(68, 38, 7639)
(68, 10, 7838)
(68, 67, 6286)
(68, 25, 8147)
(68, 13, 1640)
(68, 60, 6688)
(68, 35, 389)
(68, 49, 7136)
(68, 47, 4934)
(68, 31, 3604)
(68, 0, 7357)
(68, 28, 3265)
(68, 27, 8494)
(68, 29, 10713)
(68, 4, 7585)
(68, 45, 2546)
(68, 2, 9683)
(68, 3, 3467)
(68, 30, 3129)
(68, 54, 648)
(68, 57, 8918)
(68, 65, 709)
(68, 66, 7517)
(68, 9, 10763)
(68, 56, 9990)
(68, 62, 4868)
(68, 32, 1189)
(68, 36, 5773)
(68, 23, 2759)
(68, 51, 488)
(68, 21, 9380)
(68, 48, 4643)
(68, 59, 6793)
(68, 63, 2884)
(68, 11, 5444)
(68, 44, 10473)
(68, 17, 4375)
(68, 42, 2322)
(68, 40, 5993)
(68, 46, 2634)
(68, 7, 4509)
(68, 19, 2186)
(68, 58, 6391)
(69, 50, 7969)
(69, 57, 1876)
(69, 37, 10184)
(69, 26, 11362)
(69, 51, 1477)
(69, 32, 10844)
(69, 45, 3273)
(69, 35, 1912)
(69, 54, 4745)
(69, 7, 7594)
(69, 61, 1093)
(69, 60, 4865)
(69, 48, 506)
(69, 18, 6675)
(69, 31, 10147)
(69, 47, 1418)
(69, 14, 6499)
(69, 30, 7091)
(69, 24, 8157)
(69, 67, 7135)
(69, 9, 6007)
(69, 25, 8296)
(69, 63, 3903)
(69, 34, 5877)
(69, 58, 9245)
(69, 2, 4028)
(69, 36, 6145)
(69, 49, 8030)
(69, 33, 3524)
(69, 43, 1055)
(69, 17, 4386)
(69, 1, 7180)
(69, 66, 8587)
(69, 16, 3099)
(69, 62, 4736)
(70, 42, 460)
(70, 37, 10953)
(70, 25, 8126)
(70, 4, 11382)
(70, 10, 1507)
(70, 36, 5596)
(70, 69, 7406)
(70, 3, 9377)
(70, 28, 1641)
(70, 58, 7636)
(70, 50, 1408)
(70, 12, 437)
(70, 45, 10671)
(70, 38, 551)
(70, 31, 2376)
(70, 56, 5803)
(70, 41, 3249)
(70, 62, 7773)
(70, 54, 4938)
(70, 52, 5202)
(70, 48, 3685)
(70, 39, 9457)
(70, 1, 8168)
(70, 43, 8615)
(70, 11, 8754)
(70, 32, 6158)
(70, 59, 3579)
(70, 60, 5611)
(70, 6, 1526)
(70, 35, 6080)
(70, 65, 7683)
(70, 23, 4422)
(70, 22, 10223)
(70, 34, 3988)
(70, 27, 8923)
(70, 66, 8383)
(70, 0, 3429)
(70, 46, 6146)
(70, 8, 10657)
(70, 14, 2126)
(70, 53, 3386)
(70, 17, 4171)
(70, 30, 4905)
(70, 29, 1616)
(70, 64, 2662)
(70, 16, 6161)
(70, 44, 10369)
(70, 68, 6905)
(70, 15, 6870)
(70, 57, 5585)
(70, 5, 6857)
(70, 21, 4976)
(70, 55, 9706)
(70, 40, 2264)
(70, 20, 8276)
(70, 51, 903)
(70, 47, 6244)
(70, 24, 8373)
(70, 2, 8541)
(70, 49, 7379)
(70, 67, 1336)
(70, 9, 7715)
(70, 19, 10786)
(70, 26, 1865)
(70, 63, 537)
(70, 18, 276)
(70, 61, 846)
(70, 13, 2154)
(70, 7, 6828)
(70, 33, 11023)
(71, 29, 6837)
(71, 13, 5490)
(71, 61, 8757)
(71, 64, 2813)
(71, 49, 1104)
(71, 55, 9591)
(71, 40, 6829)
(71, 59, 6484)
(71, 69, 4969)
(71, 43, 2412)
(72, 50, 1330)
(72, 19, 7035)
(72, 45, 10360)
(72, 30, 4138)
(72, 71, 10344)
(72, 42, 5855)
(72, 28, 476)
(72, 65, 7681)
(72, 18, 9993)
(72, 54, 11328)
(72, 66, 8820)
(72, 27, 5008)
(72, 36, 353)
(72, 26, 123)
(72, 1, 6900)
(72, 31, 9603)
(72, 38, 7668)
(72, 12, 2796)
(72, 46, 8978)
(72, 53, 2053)
(72, 70, 4754)
(72, 34, 7171)
(72, 68, 2362)
(72, 9, 6248)
(72, 15, 1005)
(72, 63, 3974)
(72, 61, 7771)
(72, 4, 5315)
(72, 57, 11219)
(72, 69, 7271)
(72, 23, 6005)
(72, 67, 6125)
(72, 16, 6009)
(72, 59, 1976)
(72, 3, 463)
(72, 40, 2991)
(72, 0, 5791)
(72, 47, 9839)
(72, 24, 7571)
(72, 51, 4167)
(72, 44, 9861)
(72, 8, 3990)
(72, 22, 977)
(72, 55, 3650)
(72, 49, 1566)
(72, 64, 6424)
(72, 29, 10740)
(72, 25, 2861)
(72, 6, 10536)
(72, 62, 2356)
(72, 2, 6623)
(72, 56, 772)
(72, 43, 545)
(72, 48, 2416)
(72, 17, 10205)
(72, 5, 11079)
(72, 7, 454)
(72, 21, 171)
(72, 20, 4707)
(72, 60, 5563)
(73, 41, 3154)
(73, 24, 3174)
(73, 50, 5659)
(74, 27, 8505)
(74, 29, 10398)
(74, 31, 6291)
(74, 24, 4546)
(74, 22, 4237)
(74, 68, 6129)
(74, 23, 8769)
(74, 10, 10444)
(74, 56, 3619)
(74, 4, 9955)
(74, 41, 7925)
(74, 70, 5414)
(74, 60, 2151)
(74, 55, 4549)
(74, 46, 136)
(74, 59, 7304)
(74, 51, 9970)
(74, 57, 1744)
(74, 40, 5860)
(74, 30, 297)
(74, 67, 8969)
(74, 66, 7680)
(74, 45, 8027)
(74, 5, 2116)
(74, 6, 96)
(74, 26, 7537)
(74, 11, 9831)
(74, 7, 3029)
(74, 69, 3880)
(74, 28, 9844)
(74, 43, 9313)
(74, 63, 3112)
(74, 16, 4882)
(74, 61, 10808)
(74, 19, 329)
(74, 17, 7858)
(74, 12, 6047)
(74, 2, 958)
(74, 8, 2157)
(74, 14, 2577)
(75, 34, 5026)
(75, 60, 8956)
(75, 29, 10571)
(75, 74, 5257)
(75, 12, 11149)
(75, 23, 10443)
(75, 22, 1926)
(75, 5, 3378)
(75, 57, 1456)
(75, 27, 5752)
(75, 9, 8560)
(75, 8, 7727)
(75, 44, 6176)
(75, 35, 8082)
(75, 24, 4516)
(75, 11, 5833)
(75, 48, 7866)
(75, 70, 8896)
(75, 73, 5504)
(75, 56, 590)
(75, 31, 6188)
(75, 14, 5643)
(75, 53, 4867)
(75, 16, 1379)
(75, 4, 684)
(75, 41, 7856)
(75, 36, 1139)
(75, 10, 6456)
(75, 71, 133)
(75, 45, 5976)
(75, 47, 6933)
(75, 64, 4340)
(76, 33, 22)
(76, 11, 4673)
(76, 56, 11271)
(76, 54, 4182)
(76, 65, 9925)
(76, 66, 1885)
(76, 59, 3363)
(76, 55, 6131)
(76, 63, 11326)
(76, 10, 9116)
(76, 70, 8614)
(76, 44, 9350)
(76, 75, 6279)
(76, 20, 392)
(76, 43, 2081)
(76, 18, 8544)
(76, 28, 5381)
(76, 3, 5192)
(76, 27, 113)
(76, 15, 1343)
(76, 39, 11012)
(76, 16, 2255)
(76, 46, 6275)
(76, 52, 6219)
(76, 51, 5048)
(76, 0, 10791)
(76, 72, 8621)
(76, 14, 10765)
(76, 24, 2450)
(76, 74, 9593)
(76, 58, 8968)
(77, 52, 751)
(77, 43, 8452)
(77, 57, 8134)
(77, 20, 4165)
(77, 4, 2368)
(77, 58, 9384)
(77, 66, 10864)
(77, 21, 7299)
(77, 50, 10625)
(77, 3, 8830)
(77, 45, 7037)
(77, 24, 9142)
(77, 28, 6852)
(77, 17, 10324)
(77, 37, 8858)
(77, 31, 11333)
(77, 35, 10032)
(77, 5, 4933)
(77, 25, 5057)
(77, 55, 7395)
(77, 54, 4308)
(77, 30, 10487)
(77, 75, 270)
(77, 23, 7355)
(77, 22, 4079)
(77, 40, 7152)
(77, 9, 8860)
(77, 14, 6112)
(77, 51, 1064)
(77, 53, 11192)
(77, 49, 1470)
(77, 10, 9753)
(77, 56, 1942)
(77, 60, 2956)
(77, 70, 1145)
(77, 32, 4665)
(77, 11, 11029)
(77, 19, 850)
(77, 1, 7788)
(77, 67, 2018)
(77, 33, 4222)
(77, 0, 6379)
(77, 59, 1325)
(77, 42, 9189)
(77, 15, 7398)
(77, 8, 9027)
(77, 6, 7552)
(77, 29, 5533)
(77, 48, 10071)
(77, 63, 10401)
(77, 26, 10914)
(77, 44, 6329)
(77, 71, 4000)
(77, 38, 782)
(77, 76, 7505)
(77, 62, 9999)
(77, 69, 10038)
(77, 34, 10959)
(77, 72, 2958)
(77, 41, 6233)
(77, 65, 7380)
(77, 36, 6434)
(77, 61, 7998)
(78, 4, 3051)
(78, 63, 5698)
(78, 14, 11004)
(78, 41, 924)
(78, 1, 9147)
(78, 0, 2531)
(78, 43, 277)
(78, 26, 5558)
(78, 52, 3636)
(78, 12, 2418)
(78, 57, 10445)
(78, 36, 2871)
(78, 8, 7987)
(78, 59, 6402)
(78, 15, 10198)
(78, 47, 827)
(78, 22, 3053)
(78, 21, 6890)
(78, 35, 7898)
(78, 67, 10477)
(78, 30, 2917)
(78, 2, 2119)
(78, 69, 5080)
(78, 54, 3830)
(78, 38, 1295)
(78, 56, 4603)
(78, 64, 6723)
(78, 66, 7888)
(78, 7, 8248)
(78, 34, 1067)
(78, 29, 988)
(78, 32, 9690)
(78, 23, 10282)
(78, 19, 8101)
(78, 5, 439)
(78, 46, 3881)
(78, 27, 4937)
(78, 24, 1502)
(78, 50, 3594)
(78, 61, 3616)
(78, 10, 368)
(78, 68, 236)
(78, 16, 7229)
(79, 78, 5190)
(79, 35, 5996)
(79, 3, 6410)
(79, 62, 6331)
(79, 28, 381)
(79, 19, 8648)
(79, 67, 1073)
(79, 59, 9118)
(79, 0, 9729)
(79, 60, 5534)
(79, 65, 7729)
(79, 21, 5610)
(79, 76, 1349)
(79, 43, 126)
(79, 46, 10107)
(79, 17, 5657)
(79, 5, 10564)
(79, 14, 10725)
(79, 70, 5957)
(79, 24, 201)
(79, 61, 2586)
(79, 39, 1605)
(79, 64, 7313)
(79, 23, 2619)
(79, 26, 6699)
(79, 57, 10517)
(79, 11, 10413)
(79, 15, 7794)
(79, 54, 9954)
(79, 30, 4535)
(80, 78, 928)
(80, 74, 10758)
(80, 40, 3883)
(81, 53, 6033)
(81, 14, 1023)
(81, 33, 10670)
(81, 8, 4805)
(81, 10, 7431)
(81, 51, 9322)
(81, 0, 2475)
(81, 24, 2128)
(81, 56, 7254)
(81, 9, 5158)
(81, 49, 1890)
(81, 62, 9074)
(81, 32, 9220)
(81, 79, 1422)
(81, 48, 5296)
(81, 45, 2590)
(81, 60, 1918)
(81, 13, 7373)
(81, 17, 8159)
(81, 77, 1226)
(81, 21, 1240)
(81, 41, 225)
(81, 74, 164)
(81, 27, 4121)
(81, 71, 4536)
(81, 61, 552)
(81, 20, 1241)
(81, 66, 10103)
(81, 63, 10743)
(81, 15, 7905)
(81, 78, 1191)
(81, 50, 8680)
(81, 3, 9624)
(81, 68, 8711)
(81, 16, 1947)
(81, 42, 5496)
(81, 37, 7498)
(81, 64, 10197)
(81, 18, 6942)
(81, 23, 11235)
(81, 54, 9752)
(81, 28, 9966)
(81, 72, 3694)
(81, 2, 4795)
(81, 76, 4145)
(81, 75, 4564)
(81, 67, 7369)
(81, 12, 3084)
(81, 57, 10490)
(81, 34, 5154)
(81, 11, 8212)
(81, 1, 8017)
(81, 47, 9646)
(81, 59, 5914)
(81, 5, 128)
(81, 80, 2877)
(81, 22, 4502)
(81, 55, 5907)
(81, 39, 1117)
(82, 76, 6403)
(82, 54, 1992)
(82, 68, 8408)
(82, 26, 2312)
(82, 58, 3376)
(82, 59, 4901)
(82, 35, 6313)
(82, 44, 7201)
(82, 9, 2060)
(82, 79, 10082)
(82, 67, 8251)
(82, 63, 7740)
(82, 53, 6429)
(82, 49, 9905)
(82, 4, 4201)
(82, 15, 4715)
(82, 25, 679)
(82, 11, 4129)
(82, 32, 11165)
(82, 47, 10459)
(82, 10, 5692)
(82, 50, 6193)
(82, 8, 2697)
(82, 21, 3712)
(82, 17, 6058)
(82, 3, 6909)
(82, 41, 5172)
(82, 57, 261)
(82, 1, 6409)
(82, 0, 8971)
(82, 72, 8768)
(82, 70, 2882)
(83, 67, 5695)
(83, 13, 6197)
(83, 33, 107)
(83, 69, 3301)
(84, 25, 3882)
(84, 81, 4662)
(84, 27, 1219)
(84, 42, 7807)
(84, 33, 6366)
(84, 13, 10351)
(84, 2, 2666)
(84, 0, 995)
(84, 36, 187)
(84, 54, 1591)
(84, 48, 11293)
(84, 23, 8441)
(84, 45, 4352)
(84, 78, 2131)
(84, 21, 4731)
(84, 15, 942)
(84, 29, 3394)
(84, 51, 6785)
(84, 4, 3764)
(84, 56, 10233)
(84, 83, 4703)
(85, 20, 5510)
(85, 55, 5342)
(85, 66, 321)
(85, 6, 10269)
(85, 45, 374)
(85, 40, 737)
(85, 32, 5136)
(85, 4, 7892)
(85, 15, 8739)
(85, 19, 2695)
(85, 3, 7033)
(85, 7, 4894)
(85, 17, 5678)
(85, 70, 1266)
(85, 62, 10539)
(85, 61, 8642)
(85, 2, 3348)
(85, 69, 231)
(85, 46, 11145)
(85, 29, 9605)
(85, 42, 7252)
(85, 13, 10497)
(85, 27, 1536)
(85, 9, 7346)
(85, 84, 1358)
(85, 81, 1167)
(85, 8, 5642)
(85, 11, 3656)
(85, 5, 200)
(85, 51, 7621)
(85, 82, 7291)
(85, 0, 1840)
(85, 16, 4056)
(85, 1, 6707)
(85, 21, 6784)
(85, 34, 7824)
(85, 50, 4250)
(85, 25, 2422)
(85, 33, 5113)
(85, 31, 5014)
(85, 38, 3404)
(85, 52, 9959)
(85, 83, 10102)
(85, 74, 6567)
(85, 28, 9772)
(85, 14, 7635)
(86, 60, 59)
(86, 26, 3922)
(86, 14, 7520)
(86, 30, 5548)
(86, 9, 2465)
(86, 53, 11234)
(86, 6, 6772)
(86, 43, 9314)
(86, 61, 7811)
(86, 13, 10448)
(86, 18, 6358)
(86, 10, 1292)
(86, 16, 7940)
(86, 70, 2963)
(86, 82, 1260)
(86, 57, 4225)
(86, 32, 9258)
(86, 12, 1553)
(86, 25, 9974)
(86, 76, 10406)
(86, 50, 9766)
(86, 11, 1809)
(86, 4, 5727)
(86, 31, 208)
(86, 62, 7044)
(86, 33, 3508)
(86, 17, 5128)
(86, 68, 3312)
(86, 80, 9512)
(86, 49, 11083)
(86, 1, 11210)
(86, 20, 6045)
(86, 24, 8245)
(86, 48, 2485)
(86, 5, 112)
(86, 42, 7220)
(86, 52, 6251)
(86, 3, 9600)
(86, 44, 3479)
(86, 40, 414)
(86, 35, 5827)
(86, 67, 9202)
(86, 15, 3593)
(86, 75, 3299)
(86, 69, 5455)
(86, 45, 5723)
(86, 73, 2290)
(86, 56, 4574)
(86, 34, 8618)
(86, 36, 2019)
(86, 7, 108)
(86, 79, 7513)
(86, 81, 10846)
(86, 77, 6280)
(86, 83, 2953)
(86, 22, 10410)
(86, 55, 9714)
(86, 8, 8606)
(86, 54, 8232)
(86, 51, 10028)
(86, 65, 10400)
(87, 8, 312)
(87, 2, 6134)
(87, 49, 10578)
(87, 14, 6575)
(87, 41, 1812)
(87, 55, 7844)
(87, 71, 2288)
(87, 35, 2101)
(87, 46, 5729)
(87, 50, 6103)
(87, 62, 594)
(87, 30, 9119)
(87, 40, 1775)
(87, 1, 686)
(87, 15, 8946)
(87, 4, 5468)
(87, 17, 3546)
(87, 57, 7341)
(87, 25, 4637)
(87, 82, 5046)
(87, 56, 1860)
(87, 5, 11349)
(87, 42, 10723)
(87, 45, 6912)
(87, 0, 1794)
(87, 73, 10092)
(87, 64, 1763)
(87, 16, 10971)
(87, 7, 1739)
(87, 58, 1268)
(87, 66, 2715)
(87, 34, 1344)
(87, 37, 4437)
(87, 86, 9656)
(87, 6, 7995)
(87, 76, 2415)
(87, 22, 1049)
(87, 80, 5926)
(87, 26, 6114)
(87, 74, 1941)
(87, 51, 5865)
(87, 38, 3092)
(87, 85, 10995)
(87, 18, 1511)
(87, 11, 4021)
(87, 81, 7977)
(87, 27, 8737)
(87, 43, 3981)
(87, 75, 10913)
(87, 52, 2951)
(87, 10, 844)
(87, 19, 3012)
(87, 60, 5309)
(87, 72, 11269)
(87, 67, 7516)
(87, 79, 11111)
(87, 68, 7023)
(87, 29, 7908)
(87, 39, 1048)
(88, 30, 4904)
(88, 5, 7809)
(88, 75, 9420)
(88, 83, 588)
(88, 37, 8005)
(88, 77, 5830)
(88, 82, 3691)
(88, 69, 7203)
(88, 8, 1746)
(88, 43, 4373)
(88, 42, 5193)
(88, 40, 1332)
(88, 78, 2293)
(88, 38, 1337)
(88, 68, 10689)
(88, 84, 3817)
(88, 45, 9234)
(88, 51, 7910)
(88, 70, 1233)
(88, 25, 7455)
(88, 16, 10331)
(88, 73, 1105)
(88, 7, 11042)
(88, 20, 3915)
(88, 0, 7115)
(88, 23, 64)
(88, 56, 9739)
(88, 12, 6587)
(88, 66, 1506)
(88, 54, 4646)
(88, 85, 3266)
(88, 4, 11133)
(88, 86, 8664)
(88, 87, 8596)
(88, 49, 1059)
(88, 18, 620)
(88, 22, 8532)
(88, 46, 2845)
(88, 55, 3219)
(88, 14, 3120)
(88, 48, 10169)
(88, 76, 10559)
(88, 34, 10750)
(88, 10, 8182)
(88, 65, 2647)
(88, 15, 8143)
(88, 74, 9195)
(88, 31, 5272)
(88, 80, 10293)
(88, 28, 1039)
(88, 6, 35)
(88, 61, 326)
(88, 13, 6485)
(88, 44, 9327)
(88, 29, 7753)
(88, 32, 6602)
(88, 59, 5552)
(88, 60, 10998)
(88, 33, 774)
(88, 35, 4869)
(88, 71, 635)
(88, 47, 8554)
(88, 19, 10468)
(88, 2, 7256)
(88, 24, 4629)
(88, 72, 9346)
(88, 39, 3690)
(88, 53, 9571)
(88, 17, 266)
(88, 58, 4645)
(88, 81, 7200)
(88, 21, 6840)
(88, 50, 11130)
(88, 26, 7344)
(88, 52, 517)
(88, 3, 10486)
(89, 28, 9589)
(89, 36, 10382)
(89, 40, 10543)
(89, 4, 801)
(89, 66, 2670)
(89, 61, 10113)
(89, 8, 7211)
(89, 25, 6028)
(89, 19, 9836)
(89, 30, 9286)
(89, 65, 4453)
(89, 12, 3060)
(89, 5, 5885)
(89, 1, 7662)
(89, 11, 10593)
(89, 7, 886)
(89, 35, 2789)
(89, 62, 8500)
(89, 34, 426)
(89, 74, 6393)
(89, 44, 2343)
(89, 3, 3741)
(89, 14, 458)
(89, 46, 5456)
(89, 37, 10888)
(89, 77, 1862)
(89, 87, 986)
(89, 27, 6570)
(89, 29, 10466)
(89, 52, 1642)
(89, 51, 7450)
(89, 79, 3189)
(89, 2, 3380)
(89, 64, 4794)
(89, 81, 2800)
(89, 57, 6341)
(89, 84, 7067)
(89, 6, 2591)
(89, 86, 2207)
(89, 67, 5023)
(89, 0, 3169)
(89, 47, 10637)
(89, 70, 1184)
(89, 76, 5412)
(89, 68, 5186)
(89, 39, 2253)
(89, 72, 3107)
(89, 43, 5784)
(89, 18, 3985)
(89, 50, 6679)
(89, 55, 8888)
(89, 17, 6362)
(89, 54, 6076)
(89, 42, 10191)
(89, 26, 2369)
(89, 88, 4321)
(89, 22, 14)
(89, 15, 3019)
(90, 68, 10742)
(90, 44, 4175)
(90, 60, 10496)
(90, 82, 954)
(90, 18, 8155)
(90, 19, 595)
(90, 39, 2513)
(90, 5, 4542)
(90, 46, 2520)
(90, 80, 2156)
(90, 50, 11067)
(90, 10, 8204)
(90, 87, 8531)
(90, 41, 9376)
(90, 52, 10350)
(90, 8, 9532)
(90, 77, 10876)
(90, 76, 7282)
(90, 0, 8078)
(90, 79, 2779)
(90, 22, 4680)
(90, 7, 1365)
(90, 64, 3193)
(90, 59, 7909)
(90, 35, 9169)
(90, 43, 8720)
(90, 42, 3902)
(90, 78, 1821)
(90, 86, 4347)
(90, 45, 2031)
(90, 51, 2133)
(90, 14, 8123)
(90, 89, 3288)
(90, 73, 6171)
(90, 27, 7801)
(90, 63, 2410)
(90, 49, 6698)
(90, 70, 11216)
(90, 85, 3281)
(90, 57, 6201)
(90, 56, 6808)
(90, 71, 10472)
(90, 11, 11294)
(90, 3, 2678)
(90, 65, 1383)
(91, 13, 5147)
(91, 43, 1607)
(91, 54, 10225)
(91, 29, 1082)
(91, 83, 1817)
(91, 17, 10476)
(91, 49, 5571)
(91, 65, 1612)
(91, 53, 8652)
(91, 80, 3070)
(91, 75, 3791)
(91, 68, 5780)
(91, 58, 6585)
(91, 73, 9157)
(91, 40, 1239)
(91, 20, 10928)
(91, 0, 10399)
(91, 1, 7225)
(91, 59, 11148)
(91, 37, 9302)
(91, 62, 8536)
(91, 26, 9277)
(91, 61, 7333)
(91, 51, 7917)
(91, 46, 9732)
(91, 12, 2928)
(91, 25, 7711)
(91, 66, 8389)
(91, 89, 1982)
(91, 38, 4294)
(91, 5, 6304)
(91, 32, 8146)
(91, 67, 8026)
(91, 10, 4558)
(91, 81, 1685)
(91, 11, 4706)
(91, 48, 10383)
(91, 50, 8464)
(91, 56, 9669)
(91, 45, 2734)
(91, 30, 634)
(91, 6, 9068)
(91, 3, 10619)
(91, 34, 11038)
(91, 71, 8315)
(92, 82, 5306)
(92, 15, 11163)
(92, 47, 708)
(92, 17, 10419)
(92, 20, 10506)
(92, 24, 4259)
(92, 33, 6482)
(92, 43, 6994)
(92, 29, 8766)
(92, 9, 6715)
(92, 84, 10530)
(92, 50, 3909)
(92, 16, 4424)
(92, 7, 2912)
(92, 37, 6703)
(92, 0, 11170)
(92, 79, 1601)
(92, 73, 9443)
(92, 78, 5031)
(92, 13, 8660)
(92, 85, 6336)
(92, 87, 829)
(92, 5, 957)
(92, 8, 4555)
(92, 6, 9022)
(92, 23, 6440)
(92, 30, 7502)
(92, 54, 1272)
(92, 19, 9224)
(92, 62, 6892)
(92, 51, 1898)
(92, 11, 3310)
(92, 56, 2344)
(92, 74, 9914)
(92, 70, 9854)
(92, 64, 6479)
(92, 55, 9342)
(92, 35, 11156)
(92, 27, 3721)
(92, 31, 2820)
(92, 25, 4166)
(92, 40, 10793)
(92, 28, 1425)
(92, 89, 7884)
(92, 36, 710)
(92, 60, 7407)
(92, 90, 2701)
(92, 44, 1863)
(92, 59, 755)
(92, 41, 8008)
(92, 67, 10934)
(92, 65, 5434)
(92, 10, 1996)
(92, 2, 4750)
(92, 80, 10384)
(92, 75, 5841)
(92, 63, 5672)
(92, 53, 3422)
(92, 61, 10644)
(92, 72, 5523)
(92, 12, 299)
(92, 34, 8358)
(92, 38, 8131)
(92, 26, 10056)
(92, 83, 9441)
(92, 86, 10857)
(92, 45, 10121)
(92, 66, 2100)
(92, 1, 11099)
(92, 14, 11113)
(92, 22, 5971)
(92, 77, 61)
(92, 46, 10181)
(92, 71, 10317)
(92, 4, 1140)
(92, 49, 3803)
(92, 58, 616)
(92, 21, 1204)
(92, 48, 1716)
(92, 3, 8412)
(92, 42, 6794)
(92, 39, 642)
(92, 18, 10272)
(92, 32, 8829)
(92, 57, 8510)
(92, 52, 8074)
(92, 68, 3048)
(93, 3, 2334)
(93, 15, 7300)
(93, 14, 5613)
(93, 8, 227)
(93, 31, 1655)
(93, 57, 6661)
(93, 91, 8385)
(93, 41, 9751)
(93, 73, 7601)
(93, 82, 5030)
(93, 92, 3007)
(93, 30, 9480)
(93, 32, 6088)
(93, 86, 7575)
(93, 6, 6306)
(93, 26, 10426)
(93, 90, 3098)
(93, 53, 5601)
(93, 80, 10629)
(93, 20, 3036)
(93, 9, 8919)
(93, 22, 7157)
(93, 65, 10894)
(93, 0, 9773)
(93, 55, 5398)
(93, 13, 8633)
(93, 81, 1078)
(93, 38, 2303)
(93, 35, 9490)
(93, 64, 6381)
(93, 39, 564)
(93, 59, 8174)
(93, 67, 10432)
(93, 44, 2627)
(93, 50, 1581)
(93, 19, 9867)
(94, 51, 10474)
(94, 39, 1870)
(94, 26, 9822)
(94, 32, 7077)
(94, 48, 4598)
(94, 28, 8533)
(94, 37, 8419)
(94, 8, 3717)
(94, 35, 7566)
(94, 71, 7492)
(94, 33, 9691)
(94, 50, 6869)
(94, 34, 3625)
(94, 36, 5258)
(94, 41, 9742)
(94, 85, 8171)
(94, 43, 6955)
(94, 17, 7079)
(94, 59, 11177)
(94, 22, 8984)
(94, 66, 8966)
(94, 25, 2173)
(94, 45, 11122)
(94, 63, 593)
(94, 27, 5121)
(94, 84, 9640)
(94, 93, 6792)
(94, 89, 6964)
(94, 79, 4493)
(94, 60, 1480)
(94, 38, 5641)
(94, 19, 1729)
(94, 29, 3382)
(94, 55, 2165)
(94, 4, 6418)
(94, 62, 6293)
(94, 72, 16)
(94, 86, 1988)
(94, 77, 4252)
(94, 9, 9296)
(94, 75, 8328)
(94, 42, 4887)
(94, 44, 5897)
(94, 76, 4518)
(94, 57, 9703)
(94, 5, 9058)
(94, 23, 6845)
(94, 73, 9636)
(94, 16, 4617)
(94, 21, 2320)
(94, 10, 10877)
(94, 46, 9902)
(94, 70, 1722)
(95, 66, 5685)
(95, 44, 3585)
(95, 37, 5622)
(95, 19, 5786)
(95, 32, 10615)
(95, 3, 2994)
(95, 27, 6068)
(95, 86, 7959)
(95, 72, 8206)
(95, 17, 7651)
(95, 82, 3737)
(95, 9, 10014)
(95, 67, 3680)
(95, 52, 145)
(95, 69, 4006)
(95, 45, 1731)
(95, 73, 2146)
(95, 10, 3892)
(95, 38, 8816)
(95, 62, 10101)
(95, 30, 2661)
(95, 85, 808)
(95, 58, 3292)
(95, 20, 3821)
(95, 18, 5813)
(95, 51, 8561)
(95, 24, 11296)
(95, 23, 11360)
(95, 31, 10231)
(95, 13, 8220)
(95, 35, 10741)
(95, 83, 7504)
(95, 40, 8360)
(95, 79, 10648)
(95, 91, 1209)
(95, 36, 8777)
(95, 15, 3304)
(95, 53, 8004)
(95, 84, 5649)
(95, 50, 11088)
(95, 60, 8995)
(95, 71, 3542)
(95, 59, 2487)
(95, 75, 5769)
(95, 56, 8622)
(95, 11, 3425)
(95, 70, 3480)
(95, 63, 10720)
(95, 47, 6859)
(95, 25, 6276)
(95, 33, 3709)
(95, 5, 8866)
(95, 55, 6819)
(95, 22, 1979)
(95, 93, 6844)
(95, 21, 9628)
(95, 8, 4076)
(95, 77, 9951)
(95, 12, 814)
(95, 29, 1187)
(95, 6, 5022)
(95, 4, 6666)
(95, 57, 3854)
(95, 1, 1892)
(95, 0, 2752)
(95, 41, 930)
(95, 68, 6836)
(95, 54, 11178)
(95, 76, 7008)
(95, 28, 2690)
(95, 61, 8710)
(95, 65, 6806)
(95, 81, 1123)
(95, 34, 4488)
(95, 14, 7248)
(95, 42, 9727)
(95, 64, 9416)
(95, 89, 9184)
(95, 16, 8332)
(95, 80, 687)
(95, 74, 46)
(95, 43, 4463)
(95, 39, 4009)
(95, 87, 11092)
(95, 78, 2361)
(96, 58, 2338)
(96, 6, 1119)
(96, 29, 4856)
(96, 47, 1300)
(96, 4, 9582)
(96, 24, 68)
(96, 78, 6695)
(96, 23, 9494)
(96, 3, 3613)
(96, 81, 3767)
(96, 42, 746)
(96, 49, 159)
(96, 8, 5464)
(96, 83, 1889)
(96, 85, 9092)
(96, 30, 5281)
(96, 39, 5816)
(96, 34, 10972)
(96, 67, 3290)
(96, 75, 2776)
(96, 2, 8613)
(96, 15, 6185)
(96, 54, 6109)
(96, 14, 5868)
(96, 92, 3950)
(96, 90, 3780)
(96, 25, 9956)
(96, 45, 2300)
(96, 9, 8626)
(96, 5, 432)
(96, 77, 2824)
(96, 55, 5528)
(96, 26, 10420)
(96, 70, 4911)
(96, 13, 5603)
(96, 16, 8376)
(96, 52, 2058)
(96, 19, 2370)
(96, 28, 5350)
(96, 74, 4327)
(96, 65, 2077)
(96, 63, 9093)
(96, 69, 738)
(96, 93, 3149)
(96, 38, 11021)
(96, 62, 5502)
(96, 86, 7234)
(96, 31, 2641)
(96, 50, 9161)
(96, 35, 703)
(96, 36, 10649)
(96, 56, 6904)
(96, 61, 9860)
(96, 60, 4941)
(96, 43, 533)
(96, 1, 3013)
(96, 59, 5846)
(96, 72, 2180)
(97, 84, 484)
(97, 82, 10976)
(97, 29, 4818)
(98, 92, 3311)
(98, 86, 9755)
(98, 3, 911)
(98, 16, 11131)
(98, 15, 5570)
(98, 30, 9788)
(98, 94, 7663)
(98, 65, 5212)
(98, 53, 6037)
(98, 7, 393)
(98, 88, 2603)
(98, 84, 10799)
(98, 96, 7965)
(98, 66, 959)
(98, 20, 10699)
(98, 80, 6077)
(98, 95, 7604)
(98, 91, 1785)
(98, 43, 9458)
(98, 58, 3368)
(98, 24, 9479)
(98, 55, 8191)
(98, 11, 5617)
(98, 39, 4254)
(98, 52, 4749)
(98, 13, 10653)
(98, 18, 5433)
(98, 1, 11091)
(98, 33, 5063)
(98, 12, 120)
(98, 72, 7107)
(98, 59, 1206)
(98, 14, 283)
(98, 79, 5223)
(98, 26, 773)
(98, 22, 202)
(98, 78, 1835)
(98, 83, 4320)
(98, 23, 470)
(98, 8, 3132)
(98, 36, 11321)
(98, 69, 5131)
(98, 17, 5861)
(98, 61, 4737)
(98, 2, 7425)
(98, 34, 10189)
(98, 50, 7126)
(98, 67, 10732)
(98, 10, 5488)
(98, 4, 10712)
(98, 6, 9983)
(98, 51, 1830)
(98, 21, 2109)
(98, 73, 9006)
(98, 63, 1844)
(98, 9, 7569)
(98, 97, 7967)
(98, 48, 872)
(98, 74, 1431)
(98, 82, 10638)
(98, 77, 3079)
(98, 42, 7494)
(98, 19, 1460)
(98, 0, 9546)
(98, 28, 2008)
(98, 32, 5007)
(98, 29, 7706)
(98, 60, 450)
(98, 87, 9408)
(98, 89, 8228)
(98, 27, 7195)
(98, 71, 10684)
(98, 44, 4748)
(98, 64, 9054)
(98, 56, 811)
(98, 93, 7040)
(98, 81, 1466)
(99, 30, 2296)
(99, 61, 5460)
(99, 14, 3459)
(99, 63, 6643)
(99, 76, 1660)
(99, 1, 9875)
(99, 31, 10017)
(99, 29, 8638)
(99, 37, 1038)
(99, 13, 3533)
(99, 87, 5615)
(99, 11, 4653)
(99, 19, 7717)
(99, 27, 7457)
(99, 57, 9884)
(99, 94, 9909)
(99, 64, 10188)
(99, 84, 7981)
(99, 8, 1694)
(99, 22, 1450)
(99, 49, 9472)
(99, 45, 8218)
(99, 51, 10453)
(99, 0, 2436)
(99, 6, 4072)
(99, 85, 7232)
(99, 2, 2325)
(99, 4, 756)
(99, 42, 11220)
(99, 41, 7596)
(99, 50, 5009)
(99, 95, 9165)
(99, 33, 5892)
(99, 53, 845)
(99, 25, 9132)
(99, 66, 6947)
(99, 40, 2920)
(99, 18, 9930)
(99, 35, 9689)
(99, 58, 2855)
(99, 54, 1905)
(99, 21, 9076)
(99, 5, 3630)
(99, 70, 8868)
(99, 12, 3416)
(99, 62, 2028)
(99, 16, 3857)
(99, 75, 2929)
(99, 15, 5425)
(99, 69, 10960)
(100, 52, 2385)
(100, 10, 2455)
(100, 53, 316)
(100, 57, 3911)
(100, 20, 887)
(100, 0, 6118)
(100, 29, 5471)
(100, 46, 9661)
(100, 58, 4336)
(100, 2, 7544)
(100, 66, 9913)
(100, 27, 1904)
(100, 63, 1071)
(100, 73, 3858)
(100, 77, 599)
(100, 61, 8947)
(100, 64, 11031)
(100, 14, 2411)
(100, 19, 6883)
(100, 93, 11310)
(100, 45, 10465)
(100, 7, 1575)
(100, 35, 10557)
(100, 41, 1229)
(100, 47, 2778)
(100, 86, 2124)
(100, 39, 6235)
(100, 21, 2732)
(100, 85, 5214)
(100, 94, 10146)
(100, 90, 7534)
(100, 51, 11114)
(100, 74, 1341)
(100, 92, 2363)
(100, 33, 1391)
(100, 65, 8599)
(100, 69, 11258)
(100, 95, 6535)
(100, 37, 11011)
(100, 9, 531)
(100, 79, 2295)
(100, 12, 7278)
(100, 87, 7961)
(100, 76, 8717)
(100, 5, 9103)
(100, 32, 624)
(100, 43, 5748)
(100, 83, 3106)
(100, 26, 9629)
(100, 17, 6701)
(100, 23, 2044)
(100, 3, 7364)
(100, 59, 3986)
(100, 54, 2234)
(100, 82, 8530)
(100, 11, 7786)
(100, 56, 7074)
(100, 13, 3982)
(101, 39, 876)
(101, 27, 3432)
(101, 57, 2352)
(101, 33, 3960)
(101, 70, 6938)
(101, 46, 7649)
(101, 90, 10349)
(101, 10, 5838)
(101, 36, 1216)
(101, 61, 6686)
(101, 63, 10030)
(101, 41, 4713)
(101, 97, 9764)
(101, 65, 11140)
(101, 94, 6953)
(101, 32, 3103)
(101, 3, 2950)
(101, 30, 6206)
(101, 17, 5554)
(101, 56, 10259)
(101, 93, 7170)
(101, 50, 2567)
(101, 44, 8867)
(101, 99, 4471)
(101, 100, 6376)
(101, 60, 5478)
(101, 86, 10636)
(101, 8, 1393)
(101, 47, 2486)
(101, 72, 3238)
(101, 68, 8529)
(101, 55, 373)
(101, 88, 10245)
(101, 21, 556)
(101, 76, 4946)
(101, 69, 7774)
(101, 14, 13)
(101, 40, 2791)
(101, 5, 3859)
(101, 71, 4223)
(101, 25, 438)
(101, 96, 3054)
(101, 45, 2893)
(101, 81, 538)
(101, 52, 9250)
(101, 12, 8102)
(101, 16, 10817)
(101, 28, 6582)
(101, 82, 5970)
(101, 79, 9065)
(101, 67, 3603)
(101, 13, 9474)
(101, 29, 5265)
(101, 64, 6978)
(101, 49, 8098)
(101, 87, 5326)
(101, 83, 7197)
(101, 84, 409)
(102, 38, 8230)
(102, 59, 3028)
(102, 17, 6238)
(102, 24, 360)
(102, 61, 8100)
(102, 35, 9320)
(102, 14, 4910)
(102, 82, 5999)
(102, 72, 5352)
(102, 7, 6630)
(102, 91, 6305)
(102, 36, 6732)
(102, 47, 5448)
(102, 6, 1595)
(102, 60, 4091)
(102, 89, 5844)
(102, 5, 6195)
(102, 99, 7642)
(102, 77, 9281)
(103, 94, 6620)
(103, 46, 2772)
(103, 0, 9109)
(103, 41, 4767)
(103, 31, 4966)
(103, 87, 3325)
(103, 5, 2122)
(103, 62, 1098)
(103, 22, 5819)
(103, 2, 8371)
(103, 32, 8267)
(103, 92, 6053)
(103, 97, 1214)
(103, 33, 9343)
(103, 49, 4351)
(103, 21, 2059)
(103, 47, 7825)
(103, 85, 2353)
(103, 65, 2472)
(103, 14, 11215)
(103, 52, 10333)
(103, 82, 8556)
(103, 84, 5609)
(103, 29, 7721)
(103, 89, 4285)
(103, 90, 8401)
(103, 50, 296)
(103, 55, 631)
(103, 53, 264)
(103, 25, 2574)
(103, 68, 7181)
(103, 56, 10702)
(103, 13, 10033)
(103, 39, 10209)
(103, 3, 10865)
(103, 81, 6139)
(103, 48, 6324)
(104, 7, 2955)
(104, 77, 4188)
(104, 87, 575)
(104, 34, 10942)
(104, 53, 2699)
(104, 90, 5909)
(104, 57, 2500)
(104, 25, 1390)
(104, 72, 3627)
(104, 31, 8549)
(104, 74, 1011)
(104, 66, 5739)
(104, 8, 2767)
(104, 67, 9053)
(104, 21, 4954)
(104, 71, 3715)
(104, 45, 6830)
(104, 27, 3471)
(104, 12, 348)
(104, 6, 6595)
(104, 84, 7327)
(104, 61, 7378)
(104, 23, 9471)
(104, 101, 102)
(104, 19, 10970)
(104, 85, 10312)
(104, 82, 714)
(104, 102, 5578)
(104, 68, 5779)
(104, 14, 7084)
(104, 13, 1877)
(104, 100, 7001)
(104, 86, 7661)
(104, 69, 7686)
(104, 2, 12)
(104, 36, 5656)
(104, 60, 10772)
(104, 97, 5271)
(104, 70, 6395)
(104, 37, 11187)
(104, 39, 263)
(104, 91, 7311)
(104, 81, 8542)
(104, 92, 2150)
(104, 11, 9542)
(104, 26, 7168)
(104, 65, 3947)
(104, 43, 4255)
(104, 22, 5944)
(104, 96, 10566)
(104, 33, 6804)
(104, 32, 9637)
(104, 54, 4791)
(104, 59, 1512)
(104, 58, 9329)
(104, 5, 6893)
(104, 10, 323)
(104, 3, 9402)
(104, 30, 465)
(104, 17, 7535)
(104, 95, 10110)
(104, 63, 7437)
(104, 40, 6671)
(104, 9, 1276)
(104, 89, 2085)
(104, 62, 914)
(104, 42, 5246)
(104, 94, 167)
(104, 79, 6813)
(104, 55, 7761)
(104, 75, 3910)
(104, 73, 7459)
(104, 4, 2954)
(104, 78, 8909)
(104, 0, 8876)
(104, 64, 36)
(104, 50, 7009)
(104, 76, 98)
(104, 52, 1298)
(104, 51, 11173)
(104, 16, 2141)
(104, 49, 334)
(104, 46, 8229)
(104, 99, 10131)
(104, 80, 11001)
(104, 56, 1550)
(104, 29, 291)
(104, 1, 10948)
(104, 93, 6640)
(105, 73, 8551)
(105, 31, 6245)
(105, 101, 884)
(105, 46, 5168)
(105, 25, 2232)
(105, 90, 9248)
(105, 78, 2098)
(105, 3, 9440)
(105, 13, 7731)
(105, 48, 9583)
(105, 95, 4485)
(105, 59, 4139)
(105, 81, 10046)
(105, 72, 3747)
(105, 92, 7343)
(105, 56, 6554)
(105, 45, 6561)
(105, 60, 7249)
(105, 97, 6093)
(105, 93, 936)
(105, 7, 4209)
(105, 23, 10607)
(105, 32, 8837)
(105, 58, 11355)
(105, 28, 9762)
(105, 35, 9213)
(105, 41, 6753)
(105, 1, 6040)
(105, 11, 7322)
(105, 33, 2045)
(105, 103, 6749)
(105, 26, 8487)
(105, 44, 9324)
(105, 98, 1486)
(105, 80, 2167)
(105, 5, 9886)
(105, 43, 5466)
(105, 4, 4554)
(105, 18, 6849)
(105, 39, 10268)
(105, 76, 2336)
(105, 84, 9028)
(105, 64, 10676)
(105, 62, 6946)
(105, 49, 7899)
(105, 86, 7151)
(105, 27, 9509)
(105, 50, 5635)
(105, 9, 1922)
(105, 51, 9383)
(105, 29, 1514)
(105, 42, 7496)
(105, 0, 198)
(105, 74, 10464)
(105, 63, 4783)
(105, 54, 5111)
(105, 12, 10292)
(105, 83, 129)
(105, 82, 3068)
(105, 94, 4282)
(106, 3, 6298)
(106, 35, 3834)
(106, 37, 6911)
(106, 43, 9632)
(106, 56, 4480)
(106, 28, 1500)
(106, 32, 6476)
(106, 39, 11366)
(106, 20, 9073)
(106, 40, 4075)
(106, 31, 8481)
(106, 105, 8635)
(106, 89, 11056)
(106, 93, 3582)
(106, 14, 9353)
(106, 82, 5535)
(106, 1, 9424)
(106, 59, 3379)
(106, 8, 9711)
(106, 17, 3864)
(106, 48, 8773)
(106, 0, 2401)
(106, 60, 3279)
(106, 75, 11028)
(106, 84, 503)
(106, 69, 2636)
(106, 50, 5369)
(106, 87, 7660)
(106, 65, 5908)
(106, 99, 2103)
(106, 25, 4974)
(106, 62, 6495)
(106, 88, 5040)
(106, 21, 5708)
(106, 9, 115)
(106, 63, 6987)
(106, 19, 2707)
(106, 4, 6501)
(106, 29, 9081)
(106, 49, 6264)
(106, 90, 4128)
(106, 13, 5967)
(106, 46, 4787)
(106, 104, 8378)
(106, 44, 10935)
(107, 16, 3146)
(107, 40, 1789)
(107, 104, 3494)
(107, 70, 2816)
(107, 68, 8009)
(107, 24, 5857)
(107, 19, 3704)
(107, 90, 1820)
(107, 97, 4233)
(107, 28, 1606)
(107, 65, 1985)
(107, 48, 7302)
(107, 37, 4666)
(107, 43, 6177)
(107, 73, 8038)
(107, 88, 5321)
(107, 46, 5237)
(107, 12, 7521)
(107, 80, 11189)
(107, 57, 2313)
(107, 91, 9939)
(107, 105, 5053)
(107, 44, 7570)
(107, 6, 5197)
(108, 42, 8186)
(108, 47, 1961)
(108, 103, 8363)
(108, 59, 9046)
(108, 81, 563)
(108, 93, 5549)
(108, 2, 8007)
(108, 32, 11214)
(108, 30, 2168)
(108, 13, 8125)
(108, 97, 7334)
(108, 70, 1469)
(108, 51, 7615)
(108, 60, 2473)
(108, 39, 4074)
(108, 9, 1644)
(108, 49, 4753)
(108, 99, 6573)
(108, 80, 4290)
(108, 61, 9825)
(108, 0, 310)
(108, 88, 3614)
(108, 68, 7307)
(108, 75, 2108)
(108, 33, 3783)
(108, 22, 5394)
(108, 64, 3069)
(108, 36, 9042)
(108, 104, 5390)
(108, 94, 6270)
(108, 20, 8526)
(108, 67, 4164)
(108, 107, 1388)
(108, 35, 8480)
(108, 79, 3186)
(108, 27, 8843)
(108, 65, 8028)
(108, 44, 7405)
(108, 38, 899)
(108, 31, 5966)
(108, 53, 8907)
(108, 77, 5141)
(108, 11, 5012)
(108, 100, 1686)
(108, 41, 11188)
(108, 28, 9379)
(108, 98, 7645)
(108, 90, 4909)
(108, 58, 6354)
(108, 12, 10018)
(108, 96, 5978)
(108, 23, 10748)
(108, 57, 9469)
(108, 62, 8205)
(108, 85, 8164)
(108, 18, 6296)
(108, 84, 10045)
(108, 3, 847)
(108, 1, 4185)
(108, 74, 8356)
(108, 72, 1726)
(108, 82, 9187)
(108, 29, 2305)
(108, 14, 4367)
(108, 10, 2306)
(109, 43, 6288)
(109, 22, 5185)
(109, 48, 8397)
(109, 82, 7240)
(109, 13, 4824)
(109, 96, 6929)
(109, 75, 5840)
(109, 1, 8838)
(109, 32, 2895)
(110, 43, 10042)
(110, 34, 3870)
(110, 82, 10897)
(110, 44, 3151)
(110, 48, 3670)
(110, 19, 2079)
(110, 37, 8342)
(110, 36, 4932)
(110, 59, 8424)
(110, 33, 1594)
(110, 85, 8286)
(110, 42, 6426)
(110, 57, 2102)
(110, 67, 1236)
(110, 90, 9798)
(110, 95, 5947)
(110, 17, 2863)
(110, 0, 7221)
(110, 109, 7400)
(110, 12, 10830)
(110, 31, 4391)
(110, 75, 3109)
(110, 89, 1498)
(110, 52, 1551)
(110, 104, 7770)
(110, 65, 9935)
(110, 47, 609)
(110, 99, 10816)
(110, 69, 7966)
(110, 93, 1279)
(110, 28, 9847)
(110, 54, 5317)
(110, 74, 10986)
(110, 83, 10396)
(110, 51, 424)
(110, 3, 11134)
(110, 18, 3987)
(110, 81, 2257)
(110, 63, 6464)
(110, 66, 1965)
(110, 107, 4439)
(110, 32, 5776)
(110, 78, 1857)
(110, 100, 3370)
(110, 16, 5463)
(110, 73, 3387)
(110, 76, 8384)
(110, 45, 3624)
(110, 8, 10329)
(110, 40, 2005)
(110, 14, 7886)
(110, 88, 2552)
(110, 53, 5546)
(110, 24, 8611)
(110, 27, 7286)
(110, 26, 5227)
(110, 94, 7139)
(110, 96, 10097)
(110, 84, 6001)
(110, 39, 2214)
(110, 70, 5627)
(110, 62, 10264)
(110, 72, 1455)
(110, 41, 11218)
(110, 87, 7121)
(110, 79, 5614)
(110, 10, 6357)
(110, 22, 4366)
(110, 64, 9663)
(110, 103, 10532)
(110, 49, 3824)
(110, 6, 9869)
(110, 2, 1873)
(110, 29, 3550)
(110, 102, 11377)
(110, 71, 10446)
(110, 97, 9051)
(110, 5, 87)
(110, 21, 8478)
(110, 25, 1075)
(110, 68, 9977)
(110, 30, 5771)
(110, 46, 9579)
(110, 35, 7551)
(110, 7, 1281)
(110, 61, 116)
(110, 108, 1548)
(110, 9, 8161)
(110, 105, 8644)
(111, 59, 3686)
(111, 99, 8340)
(111, 23, 7081)
(111, 4, 7236)
(111, 103, 5123)
(111, 56, 8931)
(111, 31, 978)
(111, 19, 7186)
(111, 91, 7739)
(111, 18, 6483)
(111, 68, 5581)
(111, 47, 5814)
(111, 70, 1772)
(111, 5, 11138)
(111, 39, 6917)
(111, 1, 10007)
(111, 95, 4999)
(111, 20, 10227)
(111, 26, 3826)
(111, 90, 3172)
(111, 62, 6346)
(111, 87, 8686)
(111, 40, 6619)
(111, 45, 2144)
(111, 100, 3984)
(111, 104, 9162)
(111, 106, 1791)
(111, 78, 4710)
(111, 58, 4356)
(111, 107, 676)
(111, 109, 7045)
(111, 75, 5597)
(111, 22, 2710)
(111, 77, 11049)
(111, 110, 1617)
(111, 101, 6034)
(111, 63, 9229)
(111, 34, 3823)
(111, 50, 9718)
(111, 37, 5890)
(111, 51, 2924)
(111, 24, 4597)
(111, 89, 11125)
(111, 81, 9476)
(111, 96, 5576)
(111, 64, 1009)
(111, 25, 5945)
(111, 105, 5127)
(111, 71, 7632)
(111, 84, 4022)
(111, 54, 3438)
(111, 27, 9510)
(111, 11, 6962)
(111, 33, 880)
(111, 88, 7481)
(111, 0, 8828)
(111, 98, 6603)
(111, 36, 9145)
(111, 66, 1955)
(111, 46, 4331)
(111, 21, 3025)
(111, 13, 5091)
(111, 32, 8364)
(111, 30, 3104)
(111, 14, 8257)
(111, 92, 1398)
(111, 73, 11356)
(111, 15, 9523)
(111, 83, 3726)
(111, 41, 2557)
(111, 57, 5745)
(111, 61, 5787)
(111, 82, 2998)
(111, 53, 5637)
(111, 9, 7110)
(111, 72, 2597)
(111, 12, 10984)
(111, 7, 2090)
(111, 60, 2961)
(111, 86, 2193)
(111, 74, 10138)
(111, 52, 7763)
(111, 65, 8595)
(111, 28, 3208)
(111, 42, 91)
(111, 80, 8297)
(111, 43, 2236)
(111, 67, 4226)
(111, 29, 5543)
(111, 108, 630)
(111, 94, 10393)
(111, 16, 1909)
(111, 10, 576)
(111, 102, 6653)
(111, 79, 2057)
(111, 55, 5825)
(111, 44, 9819)
(111, 93, 7263)
(111, 85, 11295)
(111, 17, 865)
(111, 3, 2117)
(111, 49, 6580)
(111, 48, 7331)
(111, 76, 674)
(111, 35, 5921)
(111, 6, 3872)
(111, 2, 5531)
(111, 8, 860)
(111, 69, 9865)
(112, 9, 10708)
(112, 29, 3805)
(112, 26, 8785)
(112, 110, 2823)
(112, 61, 8629)
(112, 75, 5542)
(112, 12, 2275)
(112, 21, 6044)
(112, 7, 2393)
(112, 66, 6490)
(112, 56, 1776)
(112, 76, 4725)
(112, 5, 4658)
(112, 20, 10955)
(112, 4, 2351)
(112, 15, 8805)
(112, 55, 5029)
(112, 105, 6411)
(112, 52, 6230)
(112, 11, 11379)
(112, 47, 952)
(112, 69, 3322)
(112, 104, 7489)
(112, 79, 10749)
(112, 82, 1070)
(112, 67, 4415)
(112, 78, 6253)
(112, 86, 4423)
(112, 33, 1972)
(112, 37, 10421)
(112, 74, 3022)
(112, 44, 3406)
(112, 107, 1245)
(112, 96, 1805)
(112, 85, 8934)
(112, 41, 8090)
(112, 70, 3195)
(112, 23, 6685)
(112, 93, 3328)
(112, 45, 2088)
(112, 28, 9085)
(112, 90, 7722)
(112, 0, 9331)
(112, 60, 4900)
(112, 8, 7933)
(112, 30, 1523)
(112, 97, 7592)
(112, 38, 4408)
(112, 32, 10560)
(112, 24, 4064)
(112, 49, 5758)
(112, 16, 427)
(112, 42, 9130)
(112, 77, 4346)
(112, 95, 9513)
(112, 14, 10962)
(112, 17, 1356)
(112, 87, 10954)
(112, 89, 11285)
(112, 10, 9216)
(112, 81, 1810)
(112, 34, 6618)
(112, 72, 275)
(112, 71, 7051)
(112, 109, 3968)
(112, 102, 4760)
(112, 6, 9048)
(112, 3, 5204)
(112, 111, 4130)
(112, 106, 6583)
(112, 88, 2451)
(112, 35, 5701)
(112, 1, 1452)
(112, 25, 8167)
(112, 27, 5144)
(112, 99, 1193)
(112, 50, 9887)
(112, 2, 9994)
(112, 80, 4127)
(112, 94, 10001)
(112, 62, 4521)
(112, 101, 453)
(112, 63, 11361)
(112, 64, 3291)
(112, 58, 8277)
(112, 59, 881)
(112, 68, 3319)
(112, 48, 8407)
(112, 40, 4438)
(112, 84, 2022)
(112, 65, 11019)
(112, 92, 3481)
(112, 53, 7458)
(113, 46, 842)
(113, 51, 4895)
(113, 16, 8667)
(113, 62, 6100)
(113, 57, 9643)
(113, 26, 6447)
(113, 71, 10790)
(113, 84, 8351)
(113, 40, 5090)
(113, 87, 8106)
(113, 94, 3116)
(113, 95, 9335)
(113, 89, 10886)
(113, 74, 4826)
(113, 100, 1538)
(113, 42, 2612)
(113, 92, 1543)
(113, 2, 380)
(113, 96, 7372)
(113, 75, 5759)
(113, 64, 7954)
(113, 73, 3914)
(113, 17, 6294)
(113, 83, 5623)
(113, 66, 3777)
(113, 69, 10260)
(113, 77, 8879)
(113, 97, 8502)
(113, 76, 1459)
(113, 5, 10552)
(113, 0, 4634)
(113, 7, 3523)
(113, 38, 4377)
(113, 27, 1020)
(113, 31, 5474)
(113, 33, 7219)
(113, 93, 433)
(113, 58, 6355)
(113, 9, 6071)
(113, 67, 9340)
(113, 104, 10697)
(113, 53, 1464)
(113, 24, 1331)
(113, 81, 3967)
(113, 79, 9465)
(113, 44, 6427)
(113, 68, 9665)
(113, 99, 2046)
(113, 29, 732)
(113, 112, 2960)
(113, 10, 17)
(113, 21, 2783)
(113, 1, 10159)
(113, 56, 11221)
(113, 82, 5545)
(113, 36, 7010)
(113, 49, 2004)
(113, 35, 3641)
(113, 90, 8504)
(113, 105, 6614)
(113, 37, 6247)
(113, 54, 1588)
(113, 43, 1303)
(113, 78, 5681)
(113, 8, 762)
(113, 14, 10924)
(113, 52, 9021)
(113, 39, 7335)
(113, 65, 1734)
(113, 50, 749)
(114, 79, 109)
(114, 38, 10627)
(114, 54, 7347)
(114, 102, 10651)
(114, 65, 10779)
(114, 67, 7664)
(114, 51, 7092)
(114, 22, 4314)
(114, 2, 4455)
(114, 21, 9467)
(114, 11, 7015)
(114, 13, 8253)
(114, 82, 5072)
(114, 16, 9818)
(114, 15, 5449)
(114, 84, 6462)
(114, 55, 122)
(114, 24, 5550)
(114, 3, 5671)
(114, 46, 591)
(114, 39, 8275)
(114, 17, 6525)
(114, 27, 1310)
(114, 73, 7095)
(114, 29, 2970)
(114, 32, 10013)
(114, 87, 6782)
(114, 97, 4761)
(114, 30, 3765)
(114, 25, 1520)
(114, 93, 3848)
(114, 59, 5276)
(114, 12, 6697)
(114, 103, 9698)
(114, 70, 8391)
(115, 16, 3427)
(115, 80, 2988)
(115, 105, 9278)
(115, 69, 1114)
(115, 25, 1878)
(115, 95, 6656)
(115, 39, 10111)
(115, 1, 1478)
(115, 22, 3802)
(115, 100, 8695)
(115, 41, 1683)
(115, 99, 6002)
(115, 51, 8826)
(115, 83, 10194)
(115, 28, 8566)
(115, 96, 6116)
(115, 98, 10290)
(115, 7, 6128)
(115, 21, 4746)
(115, 45, 4446)
(115, 86, 643)
(115, 4, 3251)
(115, 113, 7784)
(115, 65, 8944)
(115, 9, 11312)
(115, 50, 9720)
(115, 32, 2003)
(115, 53, 1539)
(115, 82, 8365)
(115, 75, 10275)
(115, 19, 11303)
(115, 67, 10642)
(115, 90, 6215)
(115, 3, 9564)
(115, 112, 2016)
(115, 40, 9540)
(115, 66, 9243)
(115, 110, 2737)
(115, 11, 9570)
(115, 24, 6552)
(115, 114, 1008)
(115, 52, 4342)
(115, 47, 3569)
(115, 2, 1657)
(115, 97, 8390)
(115, 73, 4728)
(115, 108, 7366)
(115, 81, 5451)
(115, 55, 7436)
(115, 59, 8627)
(115, 43, 5824)
(115, 63, 4719)
(115, 44, 6916)
(115, 89, 5344)
(115, 107, 6612)
(115, 70, 4092)
(115, 84, 1086)
(115, 38, 8323)
(115, 61, 6897)
(115, 92, 3075)
(115, 101, 8305)
(115, 12, 5938)
(115, 57, 7507)
(115, 64, 2730)
(115, 62, 8326)
(115, 20, 5508)
(115, 77, 4968)
(115, 15, 873)
(115, 27, 1361)
(115, 14, 4061)
(115, 33, 9611)
(116, 10, 4012)
(116, 36, 7349)
(116, 74, 9991)
(116, 52, 2576)
(116, 33, 4008)
(116, 29, 9071)
(116, 73, 6855)
(116, 40, 10416)
(116, 43, 2642)
(116, 86, 4866)
(116, 11, 4440)
(116, 114, 785)
(116, 61, 4786)
(116, 72, 8471)
(116, 55, 3285)
(116, 66, 4669)
(116, 71, 7444)
(116, 31, 7165)
(116, 22, 6566)
(116, 94, 10724)
(116, 58, 8659)
(116, 59, 5392)
(116, 46, 5145)
(116, 20, 11147)
(116, 115, 5275)
(116, 5, 269)
(116, 23, 7716)
(116, 63, 10390)
(116, 45, 6436)
(116, 77, 1966)
(116, 12, 6572)
(116, 109, 9488)
(116, 49, 4364)
(116, 42, 6945)
(116, 84, 1669)
(116, 25, 4399)
(116, 111, 2921)
(116, 90, 1101)
(116, 41, 4579)
(116, 80, 2349)
(116, 56, 11195)
(116, 89, 3839)
(116, 18, 1172)
(116, 93, 2348)
(116, 1, 2012)
(116, 78, 10430)
(116, 96, 5236)
(116, 98, 10479)
(116, 15, 6136)
(116, 95, 5419)
(116, 30, 1994)
(116, 39, 10967)
(116, 26, 1261)
(116, 0, 9341)
(116, 104, 8011)
(116, 62, 5337)
(116, 34, 1494)
(116, 32, 4944)
(116, 83, 550)
(116, 69, 9968)
(116, 50, 3190)
(116, 4, 1681)
(116, 106, 4297)
(116, 3, 6985)
(116, 101, 8513)
(116, 76, 366)
(116, 19, 5126)
(116, 47, 2478)
(116, 48, 10773)
(116, 35, 1263)
(117, 20, 7054)
(117, 81, 2683)
(117, 104, 4059)
(117, 66, 3475)
(117, 28, 11060)
(117, 61, 8852)
(117, 110, 9786)
(117, 115, 9289)
(117, 63, 2691)
(117, 33, 8278)
(117, 39, 163)
(117, 59, 2535)
(117, 70, 1723)
(117, 25, 253)
(117, 51, 6046)
(117, 87, 8060)
(117, 69, 1333)
(117, 92, 2761)
(117, 41, 5757)
(117, 8, 6746)
(117, 88, 1727)
(117, 19, 4935)
(117, 112, 4835)
(117, 100, 7573)
(117, 95, 7250)
(117, 73, 9370)
(117, 14, 3736)
(117, 84, 2026)
(117, 34, 1345)
(117, 12, 3868)
(117, 82, 4959)
(117, 77, 5789)
(117, 42, 1801)
(117, 75, 1065)
(117, 1, 5646)
(117, 23, 3324)
(117, 43, 2809)
(117, 4, 1002)
(117, 102, 6751)
(117, 7, 1353)
(117, 91, 9351)
(117, 44, 8281)
(117, 55, 148)
(117, 67, 1304)
(117, 15, 7673)
(117, 113, 2274)
(117, 49, 8792)
(117, 89, 974)
(117, 58, 7026)
(117, 50, 4917)
(117, 62, 2974)
(117, 71, 10088)
(117, 105, 6113)
(117, 47, 689)
(117, 0, 2072)
(117, 52, 10588)
(117, 22, 7777)
(117, 72, 2807)
(117, 114, 8056)
(117, 40, 4161)
(117, 98, 7434)
(117, 45, 1354)
(117, 65, 5370)
(117, 116, 7840)
(117, 36, 8692)
(117, 5, 4727)
(117, 76, 4675)
(117, 38, 6896)
(117, 85, 9707)
(117, 90, 4414)
(117, 93, 4636)
(117, 86, 3921)
(117, 6, 10434)
(117, 106, 5182)
(117, 48, 1014)
(117, 103, 2319)
(117, 3, 848)
(117, 74, 9810)
(117, 108, 11171)
(117, 24, 6249)
(117, 26, 9806)
(117, 9, 8188)
(117, 80, 6181)
(117, 11, 7245)
(117, 57, 2229)
(117, 56, 10919)
(117, 97, 8722)
(117, 16, 7986)
(117, 54, 10704)
(117, 18, 8334)
(117, 60, 2746)
(117, 35, 9744)
(117, 21, 5705)
(117, 53, 700)
(117, 30, 3313)
(117, 2, 10973)
(117, 107, 224)
(117, 83, 8151)
(117, 96, 2987)
(117, 32, 6461)
(117, 29, 7288)
(117, 27, 4153)
(117, 78, 5823)
(117, 68, 333)
(118, 23, 901)
(118, 6, 9020)
(118, 27, 9464)
(118, 26, 3244)
(118, 33, 5505)
(118, 19, 7385)
(118, 53, 2184)
(118, 90, 825)
(118, 1, 290)
(118, 20, 1449)
(118, 4, 1161)
(118, 17, 8803)
(118, 103, 376)
(118, 70, 3753)
(118, 109, 4799)
(118, 93, 2829)
(118, 45, 11287)
(118, 3, 8320)
(118, 54, 10574)
(118, 0, 5495)
(118, 108, 8887)
(118, 96, 10650)
(118, 39, 2479)
(118, 86, 7503)
(118, 9, 140)
(118, 94, 5235)
(118, 43, 10537)
(118, 73, 8085)
(118, 12, 11025)
(118, 95, 1516)
(118, 32, 2049)
(118, 78, 7255)
(118, 37, 8915)
(118, 49, 8569)
(118, 98, 2096)
(118, 105, 10094)
(118, 7, 4100)
(118, 68, 1154)
(118, 92, 10122)
(118, 115, 1497)
(118, 113, 1674)
(118, 35, 5273)
(118, 61, 8484)
(118, 69, 9310)
(118, 79, 2458)
(118, 102, 3341)
(118, 76, 4124)
(118, 40, 4358)
(118, 31, 6260)
(118, 47, 9114)
(118, 29, 3346)
(118, 77, 3071)
(118, 5, 4858)
(118, 58, 1302)
(118, 52, 97)
(118, 36, 9832)
(118, 55, 9543)
(118, 42, 3141)
(118, 99, 4931)
(118, 89, 2492)
(118, 97, 9926)
(118, 104, 3513)
(118, 72, 8035)
(118, 64, 6470)
(118, 25, 6750)
(118, 116, 6052)
(118, 38, 11007)
(118, 67, 7576)
(118, 85, 4084)
(118, 11, 10402)
(119, 17, 9427)
(119, 5, 1036)
(119, 34, 9425)
(119, 78, 896)
(119, 103, 3454)
(119, 41, 9171)
(119, 82, 4860)
(119, 108, 10903)
(119, 14, 1372)
(119, 110, 6983)
(119, 112, 6004)
(119, 0, 4876)
(119, 102, 7893)
(119, 49, 1158)
(119, 67, 6036)
(119, 13, 3102)
(119, 83, 6621)
(119, 26, 6333)
(119, 74, 1253)
(119, 30, 10418)
(119, 31, 7103)
(119, 11, 335)
(119, 93, 841)
(119, 29, 3417)
(119, 52, 9891)
(119, 44, 9507)
(119, 24, 7109)
(119, 33, 6560)
(119, 63, 603)
(119, 113, 6714)
(119, 114, 8983)
(119, 64, 10498)
(119, 57, 7561)
(119, 99, 3296)
(119, 10, 7032)
(119, 81, 2276)
(119, 7, 1420)
(119, 40, 906)
(119, 88, 8950)
(119, 53, 4120)
(119, 68, 1959)
(119, 73, 9845)
(119, 69, 10604)
(119, 6, 10739)
(119, 60, 6926)
(119, 56, 11176)
(119, 8, 7191)
(119, 46, 2675)
(119, 111, 2996)
(119, 27, 10114)
(119, 20, 11062)
(119, 116, 5358)
(119, 39, 5568)
(119, 87, 6457)
(119, 65, 6218)
(119, 3, 682)
(119, 89, 9400)
(119, 19, 1136)
(119, 101, 11259)
(119, 76, 10585)
(119, 16, 7097)
(119, 84, 4372)
(119, 2, 7493)
(119, 61, 2404)
(119, 28, 157)
(119, 32, 152)
(119, 105, 8708)
(119, 21, 9870)
(119, 70, 7625)
(119, 104, 3040)
(119, 117, 813)
(119, 66, 3865)
(119, 35, 7894)
(119, 90, 7806)
(119, 37, 10977)
(119, 94, 6345)
(119, 62, 885)
(119, 45, 9448)
(119, 55, 5459)
(119, 36, 8581)
(119, 107, 9544)
(119, 12, 741)
(119, 51, 2826)
(119, 9, 4973)
(119, 118, 9221)
(119, 25, 5640)
(119, 58, 6020)
(119, 86, 5244)
(119, 97, 11000)
(119, 1, 9385)
(119, 4, 10762)
(119, 15, 10508)
(119, 18, 6019)
(119, 75, 304)
(119, 98, 4853)
(119, 77, 1131)
(119, 100, 7509)
(119, 115, 4837)
(119, 96, 1620)
(119, 54, 1635)
(119, 106, 5215)
(119, 38, 3836)
(119, 91, 5984)
(119, 42, 10887)
(119, 92, 73)
(119, 72, 2808)
(120, 68, 2731)
(120, 117, 2210)
(120, 106, 11109)
(120, 84, 10804)
(120, 6, 6835)
(120, 33, 5189)
(120, 0, 2972)
(120, 54, 6562)
(120, 83, 4861)
(120, 37, 2055)
(120, 28, 3214)
(120, 102, 3401)
(120, 85, 3797)
(120, 61, 7928)
(120, 35, 7988)
(120, 118, 4289)
(120, 46, 3980)
(120, 97, 6763)
(120, 32, 7484)
(120, 92, 2437)
(120, 55, 9647)
(120, 103, 10840)
(120, 52, 10300)
(120, 36, 8508)
(120, 72, 8153)
(120, 21, 6709)
(120, 10, 10055)
(120, 2, 3145)
(120, 1, 1062)
(120, 101, 1237)
(120, 56, 5475)
(120, 108, 9779)
(120, 66, 11368)
(120, 110, 4508)
(120, 63, 4274)
(120, 111, 11236)
(120, 11, 10563)
(120, 19, 11098)
(120, 104, 7159)
(120, 89, 1733)
(120, 40, 1057)
(120, 25, 4862)
(120, 45, 3411)
(120, 8, 4191)
(120, 53, 10950)
(120, 31, 7013)
(120, 59, 440)
(120, 93, 3066)
(120, 47, 701)
(120, 69, 1006)
(120, 78, 6519)
(120, 17, 6660)
(120, 73, 2944)
(120, 71, 985)
(120, 12, 9599)
(120, 4, 1198)
(120, 112, 5980)
(120, 80, 3699)
(120, 91, 8980)
(120, 48, 9920)
(120, 44, 2153)
(120, 95, 2916)
(120, 58, 10035)
(120, 3, 181)
(120, 90, 891)
(120, 27, 650)
(120, 96, 2375)
(120, 79, 10678)
(120, 30, 7695)
(120, 29, 3552)
(120, 60, 9817)
(120, 62, 10099)
(120, 22, 8782)
(120, 7, 5591)
(120, 70, 4132)
(120, 39, 9972)
(120, 38, 8582)
(120, 99, 744)
(120, 98, 10053)
(120, 75, 217)
(120, 57, 8454)
(120, 74, 3021)
(120, 115, 5799)
(120, 65, 775)
(120, 15, 10618)
(120, 41, 2966)
(120, 50, 5019)
(120, 49, 383)
(120, 26, 8387)
(120, 13, 3206)
(120, 24, 235)
(120, 34, 8414)
(120, 114, 754)
(120, 113, 7140)
(120, 86, 5251)
(120, 18, 11142)
(120, 82, 4975)
(120, 116, 8724)
(120, 5, 6086)
(120, 107, 2335)
(120, 109, 3611)
(120, 42, 8864)
(120, 87, 5262)
(120, 23, 8079)
(120, 77, 6548)
(120, 16, 8128)
(120, 64, 5037)
(120, 43, 20)
(120, 119, 929)
(120, 100, 10665)
(120, 9, 11270)
(120, 76, 8970)
(120, 105, 509)
(120, 88, 6652)
(120, 81, 7111)
(120, 51, 6267)
(120, 14, 2208)
(120, 20, 8676)
(121, 30, 1951)
(121, 117, 9417)
(121, 67, 3692)
(121, 6, 8104)
(121, 55, 3844)
(121, 53, 9785)
(121, 74, 769)
(121, 18, 6180)
(121, 37, 8317)
(121, 54, 4584)
(121, 68, 10224)
(121, 57, 2390)
(121, 105, 7682)
(121, 8, 8897)
(121, 43, 5761)
(121, 83, 5631)
(121, 120, 3134)
(121, 102, 4850)
(121, 41, 5843)
(121, 115, 6847)
(122, 36, 8691)
(122, 121, 7382)
(122, 54, 11398)
(122, 83, 8600)
(122, 8, 7360)
(122, 81, 6681)
(122, 19, 5133)
(122, 120, 9257)
(122, 74, 2658)
(122, 67, 1780)
(122, 29, 3398)
(122, 115, 9558)
(122, 85, 388)
(122, 91, 3588)
(122, 87, 1691)
(122, 51, 9365)
(122, 64, 4271)
(122, 2, 3258)
(122, 104, 1589)
(122, 3, 10126)
(122, 106, 5142)
(122, 109, 4395)
(122, 7, 5277)
(123, 89, 3055)
(123, 13, 1368)
(123, 32, 6743)
(123, 42, 2687)
(123, 10, 3855)
(123, 7, 7640)
(123, 47, 7748)
(123, 5, 9657)
(123, 105, 523)
(123, 16, 4782)
(123, 22, 992)
(123, 91, 8477)
(123, 96, 6529)
(123, 77, 4288)
(123, 20, 9450)
(123, 64, 7393)
(123, 116, 10363)
(123, 72, 84)
(123, 53, 1896)
(123, 12, 10319)
(123, 59, 1822)
(123, 46, 5161)
(123, 33, 1530)
(123, 90, 6646)
(123, 15, 3373)
(123, 26, 8649)
(123, 0, 2441)
(123, 88, 4723)
(123, 117, 6712)
(123, 38, 2889)
(123, 56, 628)
(123, 86, 5733)
(123, 107, 5950)
(123, 81, 1696)
(123, 3, 10193)
(123, 94, 10422)
(123, 21, 10777)
(123, 71, 2048)
(123, 118, 1021)
(123, 87, 9776)
(123, 51, 5473)
(123, 37, 9789)
(123, 102, 1762)
(123, 97, 3943)
(123, 11, 7714)
(123, 34, 1838)
(123, 14, 4251)
(123, 24, 2626)
(123, 100, 1404)
(123, 50, 8243)
(123, 18, 435)
(123, 73, 7438)
(123, 70, 5832)
(123, 41, 6939)
(123, 19, 2745)
(123, 111, 2572)
(123, 103, 10573)
(123, 2, 3979)
(123, 63, 1866)
(123, 120, 267)
(123, 83, 10470)
(123, 44, 10063)
(123, 54, 5562)
(123, 25, 5180)
(123, 69, 5211)
(123, 17, 6768)
(123, 98, 8379)
(123, 122, 10112)
(123, 36, 6805)
(123, 108, 9411)
(123, 78, 2943)
(123, 9, 7629)
(123, 49, 2696)
(123, 4, 8920)
(123, 104, 6856)
(123, 40, 8300)
(123, 110, 2758)
(123, 76, 6209)
(123, 109, 10664)
(123, 99, 4602)
(123, 30, 6460)
(123, 112, 6471)
(123, 85, 2814)
(123, 1, 5355)
(123, 121, 8882)
(123, 79, 7368)
(124, 82, 5767)
(124, 76, 3906)
(124, 69, 7059)
(124, 2, 6739)
(124, 114, 8382)
(124, 65, 8416)
(124, 54, 5720)
(124, 7, 2333)
(124, 122, 5805)
(124, 108, 3744)
(124, 86, 9516)
(124, 62, 9172)
(124, 72, 3944)
(124, 101, 6265)
(124, 41, 6281)
(124, 96, 2178)
(124, 14, 7127)
(124, 91, 4207)
(124, 40, 10921)
(124, 33, 6878)
(124, 102, 8810)
(124, 100, 4981)
(124, 27, 10698)
(124, 28, 4310)
(124, 111, 6533)
(124, 103, 2160)
(124, 15, 8609)
(124, 119, 92)
(124, 61, 752)
(124, 97, 11241)
(124, 79, 10119)
(124, 90, 100)
(125, 77, 9271)
(125, 79, 180)
(125, 59, 6932)
(125, 82, 7129)
(125, 10, 2568)
(125, 54, 5728)
(125, 112, 8699)
(125, 63, 8445)
(125, 110, 9553)
(125, 30, 9452)
(125, 16, 3200)
(125, 8, 10417)
(125, 89, 10908)
(125, 2, 3415)
(125, 87, 3088)
(125, 11, 5817)
(125, 74, 10433)
(125, 64, 6337)
(125, 12, 204)
(125, 106, 5633)
(125, 50, 8213)
(125, 57, 6127)
(125, 18, 9756)
(125, 43, 2818)
(125, 20, 4266)
(125, 56, 2379)
(125, 88, 6692)
(125, 60, 8264)
(125, 84, 1796)
(125, 114, 5669)
(125, 7, 1110)
(125, 116, 7005)
(125, 47, 2569)
(125, 35, 2070)
(125, 97, 9309)
(125, 80, 8258)
(125, 0, 6737)
(125, 49, 319)
(125, 46, 6510)
(125, 34, 2112)
(125, 65, 10150)
(125, 93, 7924)
(125, 71, 2073)
(125, 13, 2461)
(126, 76, 11070)
(126, 66, 4196)
(126, 73, 7090)
(126, 84, 9362)
(126, 81, 10047)
(126, 38, 1836)
(126, 58, 1102)
(126, 75, 4522)
(126, 36, 7339)
(126, 39, 9183)
(126, 53, 4950)
(126, 82, 6220)
(126, 33, 3661)
(126, 41, 868)
(126, 62, 11237)
(126, 24, 7749)
(126, 43, 4507)
(126, 107, 239)
(126, 96, 3229)
(126, 106, 6559)
(126, 71, 6791)
(126, 112, 9881)
(126, 4, 10307)
(126, 48, 2041)
(126, 121, 5445)
(126, 2, 7428)
(126, 5, 10692)
(126, 99, 11168)
(126, 68, 11385)
(126, 77, 8553)
(126, 125, 2185)
(126, 11, 11048)
(126, 101, 10686)
(126, 31, 8815)
(126, 12, 8913)
(126, 17, 2682)
(126, 46, 4912)
(126, 21, 9141)
(126, 25, 7919)
(126, 20, 3020)
(126, 123, 5962)
(126, 35, 175)
(126, 61, 1910)
(126, 60, 4397)
(126, 19, 4047)
(126, 100, 3056)
(126, 86, 8410)
(126, 7, 5187)
(126, 14, 6318)
(126, 114, 5092)
(126, 119, 3318)
(126, 110, 9430)
(126, 45, 8370)
(126, 67, 9539)
(126, 32, 11159)
(126, 23, 194)
(126, 103, 10265)
(126, 28, 10125)
(126, 111, 7889)
(126, 88, 4360)
(126, 124, 2464)
(126, 34, 3283)
(126, 122, 4893)
(126, 93, 6920)
(126, 64, 3184)
(126, 47, 5743)
(126, 15, 9396)
(126, 94, 9761)
(126, 42, 4780)
(126, 95, 10373)
(126, 108, 473)
(126, 92, 8103)
(126, 57, 8093)
(126, 3, 7182)
(126, 8, 1901)
(126, 78, 211)
(126, 90, 10850)
(126, 13, 5851)
(126, 120, 4925)
(126, 27, 282)
(126, 85, 4859)
(126, 102, 6812)
(126, 113, 5462)
(126, 16, 9111)
(126, 40, 10392)
(126, 63, 4513)
(126, 83, 11050)
(126, 1, 3397)
(126, 115, 4801)
(126, 97, 9949)
(126, 55, 262)
(126, 72, 5593)
(126, 29, 7952)
(126, 37, 7799)
(126, 109, 596)
(126, 30, 2316)
(126, 22, 7657)
(126, 0, 7016)
(126, 44, 4272)
(126, 104, 345)
(126, 26, 170)
(126, 79, 4363)
(126, 70, 9359)
(126, 59, 7591)
(126, 54, 3562)
(126, 9, 8202)
(126, 91, 9283)
(126, 6, 662)
(126, 98, 2755)
(126, 10, 6940)
(126, 118, 18)
(126, 74, 11363)
(126, 52, 9780)
(126, 18, 3743)
(127, 118, 11162)
(127, 24, 10787)
(127, 94, 11181)
(127, 123, 9247)
(127, 122, 2867)
(127, 55, 7975)
(127, 108, 3877)
(127, 96, 10339)
(127, 67, 6301)
(127, 59, 4775)
(127, 7, 3537)
(127, 47, 7069)
(127, 77, 4985)
(127, 12, 9466)
(127, 8, 2632)
(127, 100, 57)
(127, 52, 8857)
(127, 117, 10608)
(127, 38, 3457)
(127, 65, 10770)
(127, 23, 3078)
(127, 33, 5206)
(127, 89, 4179)
(127, 88, 5987)
(127, 17, 3728)
(127, 3, 11275)
(127, 104, 5241)
(127, 34, 4311)
(127, 25, 4892)
(127, 105, 10904)
(127, 125, 4570)
(127, 46, 4205)
(127, 4, 5371)
(127, 68, 8457)
(127, 73, 9829)
(127, 115, 1313)
(127, 78, 4740)
(127, 5, 2470)
(127, 40, 10917)
(127, 31, 11100)
(127, 98, 5183)
(127, 103, 11118)
(127, 114, 10821)
(127, 56, 6787)
(127, 92, 9623)
(127, 71, 7394)
(127, 84, 3349)
(127, 97, 8196)
(127, 42, 4851)
(127, 69, 7332)
(127, 54, 4978)
(127, 14, 3815)
(127, 16, 7208)
(127, 2, 3446)
(127, 22, 6097)
(127, 28, 9372)
(127, 95, 3498)
(127, 74, 10481)
(127, 99, 4627)
(127, 126, 663)
(127, 9, 6624)
(127, 43, 7712)
(127, 83, 9067)
(127, 26, 1171)
(127, 57, 2849)
(127, 75, 9921)
(127, 41, 875)
(127, 32, 5747)
(127, 85, 4852)
(127, 58, 5248)
(127, 35, 2027)
(127, 70, 10905)
(127, 66, 5800)
(127, 120, 3439)
(127, 44, 3812)
(127, 29, 10630)
(127, 72, 7424)
(127, 19, 8163)
(127, 62, 459)
(127, 39, 6998)
(127, 110, 11291)
(127, 109, 3121)
(127, 107, 7766)
(127, 61, 10342)
(127, 106, 2091)
(127, 18, 4836)
(127, 82, 279)
(127, 102, 4011)
(127, 13, 2900)
(127, 51, 5233)
(127, 124, 3252)
(127, 86, 3062)
(127, 15, 8975)
(127, 93, 2815)
(127, 60, 7813)
(127, 116, 4019)
(127, 81, 10854)
(127, 50, 3774)
(127, 119, 766)
(127, 49, 2598)
(127, 121, 4215)
(127, 64, 7638)
(127, 45, 4524)
(127, 79, 7605)
(127, 113, 8266)
(127, 53, 5688)
(127, 36, 8271)
(127, 101, 6142)
(127, 90, 9952)
(127, 1, 4490)
(127, 80, 10911)
(127, 48, 11008)
(127, 11, 5335)
(127, 21, 3207)
(127, 6, 7946)
(127, 30, 4735)
(127, 87, 6255)
(127, 112, 1719)
(127, 20, 6625)
(127, 37, 527)
(127, 111, 8037)
(127, 91, 1899)
(127, 10, 8639)
(127, 63, 9505)
(128, 4, 190)
(128, 77, 3338)
(128, 112, 6523)
(128, 45, 10599)
(128, 62, 622)
(128, 95, 10975)
(128, 82, 4433)
(128, 107, 3026)
(128, 103, 2583)
(128, 91, 10075)
(128, 33, 5899)
(128, 63, 3083)
(128, 23, 2968)
(128, 88, 7223)
(128, 17, 1730)
(128, 67, 3935)
(128, 111, 11394)
(128, 93, 9096)
(128, 101, 3778)
(128, 5, 8579)
(128, 109, 3050)
(128, 44, 2538)
(128, 71, 1936)
(128, 1, 11359)
(128, 89, 257)
(128, 115, 7020)
(128, 97, 2201)
(128, 61, 10966)
(128, 120, 7330)
(128, 119, 6650)
(128, 79, 2644)
(128, 2, 3061)
(128, 59, 8283)
(128, 78, 9056)
(128, 65, 10980)
(128, 37, 9674)
(128, 35, 11076)
(128, 84, 9348)
(128, 47, 5589)
(128, 121, 2339)
(128, 105, 2795)
(128, 56, 3973)
(128, 15, 820)
(128, 32, 6607)
(128, 116, 2076)
(128, 60, 8630)
(128, 36, 1807)
(128, 20, 6284)
(128, 124, 6122)
(128, 10, 10988)
(128, 87, 273)
(128, 92, 6282)
(128, 127, 445)
(128, 6, 49)
(128, 42, 5726)
(128, 50, 6214)
(128, 26, 10348)
(128, 38, 9254)
(128, 34, 641)
(128, 125, 6299)
(129, 82, 7057)
(129, 69, 3571)
(129, 100, 3977)
(129, 74, 10524)
(129, 57, 4834)
(129, 25, 9072)
(129, 37, 9653)
(129, 4, 9290)
(129, 35, 5357)
(129, 21, 6011)
(129, 29, 6902)
(129, 11, 7613)
(129, 61, 6039)
(129, 9, 9038)
(129, 84, 5599)
(129, 122, 9098)
(129, 43, 5070)
(129, 73, 8555)
(129, 10, 9671)
(129, 78, 7284)
(129, 20, 3034)
(129, 90, 6906)
(129, 64, 2948)
(129, 56, 3259)
(129, 94, 8900)
(129, 14, 8442)
(129, 93, 7996)
(129, 80, 2652)
(129, 109, 7014)
(129, 76, 4465)
(129, 127, 8998)
(129, 79, 9911)
(129, 58, 8728)
(129, 55, 6910)
(129, 22, 804)
(129, 124, 11262)
(129, 67, 1283)
(129, 75, 5049)
(129, 53, 11267)
(129, 118, 10677)
(129, 1, 7938)
(129, 87, 8547)
(129, 125, 10154)
(129, 30, 6497)
(129, 41, 6777)
(129, 101, 9215)
(129, 44, 2143)
(129, 38, 3127)
(129, 88, 9115)
(129, 107, 10308)
(129, 19, 5665)
(129, 6, 6290)
(129, 91, 195)
(129, 23, 3357)
(129, 108, 8624)
(129, 42, 3645)
(129, 28, 6444)
(129, 99, 6372)
(129, 47, 6556)
(129, 97, 3918)
(129, 12, 8904)
(129, 17, 6935)
(129, 16, 10912)
(129, 33, 1956)
(129, 113, 11280)
(129, 128, 9043)
(129, 60, 2137)
(129, 77, 8321)
(130, 7, 5561)
(130, 88, 3530)
(130, 74, 11081)
(130, 114, 2840)
(130, 90, 991)
(130, 23, 451)
(130, 10, 9659)
(130, 35, 4813)
(130, 85, 6959)
(130, 17, 4839)
(130, 57, 3940)
(130, 78, 8089)
(130, 56, 419)
(130, 101, 1339)
(130, 22, 733)
(130, 36, 10002)
(130, 67, 4997)
(130, 9, 524)
(130, 97, 7690)
(130, 46, 1173)
(130, 116, 9644)
(130, 11, 1199)
(130, 99, 2218)
(130, 50, 6956)
(130, 125, 9014)
(130, 89, 1396)
(130, 124, 9800)
(130, 123, 4035)
(131, 48, 5239)
(131, 71, 7901)
(131, 112, 4081)
(131, 81, 6285)
(131, 20, 941)
(131, 14, 8637)
(131, 77, 2766)
(131, 106, 9013)
(131, 103, 5178)
(131, 35, 11119)
(131, 13, 3008)
(131, 110, 1615)
(131, 62, 6549)
(131, 78, 7342)
(131, 120, 4769)
(131, 119, 3005)
(131, 124, 8292)
(131, 58, 1700)
(131, 47, 10833)
(131, 9, 1472)
(131, 100, 5870)
(131, 102, 10343)
(131, 53, 11146)
(131, 108, 4203)
(131, 89, 6319)
(131, 18, 4065)
(131, 76, 9585)
(131, 111, 5524)
(131, 125, 2463)
(131, 45, 10403)
(131, 72, 3531)
(131, 73, 5476)
(131, 63, 1843)
(131, 87, 553)
(131, 34, 1231)
(131, 0, 7741)
(131, 93, 4803)
(131, 3, 615)
(131, 40, 920)
(131, 127, 2989)
(131, 37, 11035)
(131, 43, 5396)
(131, 109, 4077)
(131, 105, 582)
(131, 4, 750)
(131, 30, 6064)
(131, 64, 6186)
(131, 21, 8759)
(131, 74, 5076)
(131, 118, 4339)
(131, 116, 7878)
(131, 28, 8469)
(131, 67, 10283)
(131, 25, 3384)
(131, 69, 9950)
(131, 7, 3828)
(131, 128, 5278)
(131, 33, 5782)
(131, 96, 7543)
(131, 8, 317)
(131, 113, 2770)
(131, 32, 2638)
(131, 6, 839)
(131, 114, 9082)
(131, 15, 1578)
(131, 10, 6445)
(131, 123, 10179)
(131, 31, 2655)
(131, 39, 3529)
(131, 85, 5694)
(131, 92, 7864)
(131, 107, 3558)
(131, 59, 7270)
(131, 86, 1827)
(131, 46, 2527)
(131, 79, 1834)
(131, 42, 1705)
(131, 126, 9345)
(131, 22, 7736)
(131, 88, 5042)
(131, 50, 7752)
(131, 54, 7202)
(131, 101, 2891)
(131, 5, 4359)
(131, 12, 7549)
(131, 11, 2367)
(131, 68, 4413)
(131, 60, 640)
(131, 61, 673)
(131, 129, 10338)
(131, 51, 10361)
(131, 27, 4553)
(131, 130, 4396)
(131, 82, 10428)
(131, 2, 2080)
(131, 97, 3254)
(131, 26, 9449)
(131, 65, 3178)
(131, 36, 3693)
(131, 44, 5224)
(131, 90, 6175)
(131, 55, 10643)
(131, 80, 2839)
(131, 117, 3371)
(131, 1, 4045)
(131, 29, 9393)
(131, 57, 8563)
(131, 121, 3833)
(132, 113, 150)
(132, 50, 4464)
(132, 84, 5866)
(132, 81, 9963)
(132, 88, 1509)
(132, 94, 1467)
(132, 15, 1120)
(132, 37, 418)
(132, 28, 4863)
(132, 33, 4214)
(132, 49, 4788)
(132, 64, 2095)
(132, 53, 9639)
(132, 102, 7328)
(132, 96, 5942)
(132, 89, 10661)
(132, 8, 7272)
(132, 29, 5380)
(132, 44, 9908)
(132, 40, 5312)
(132, 77, 6056)
(132, 6, 2364)
(132, 108, 6315)
(132, 9, 11184)
(132, 111, 7984)
(132, 98, 70)
(132, 68, 11055)
(132, 92, 8347)
(132, 2, 10482)
(132, 101, 10462)
(132, 47, 10337)
(132, 82, 2501)
(132, 125, 9173)
(132, 85, 9515)
(132, 16, 1400)
(132, 80, 2539)
(132, 124, 1311)
(132, 32, 1153)
(132, 87, 430)
(132, 122, 5252)
(132, 121, 2561)
(132, 3, 9916)
(132, 119, 2457)
(132, 106, 485)
(132, 5, 7859)
(132, 95, 608)
(132, 128, 5785)
(132, 42, 55)
(132, 105, 6863)
(132, 57, 5790)
(132, 30, 11157)
(132, 18, 4001)
(132, 126, 2252)
(132, 74, 1814)
(132, 56, 3403)
(132, 107, 452)
(132, 34, 10990)
(132, 25, 4661)
(132, 38, 7839)
(132, 21, 10906)
(132, 46, 11150)
(132, 31, 10613)
(132, 131, 2517)
(132, 93, 2407)
(132, 62, 10093)
(132, 35, 6417)
(132, 104, 6167)
(132, 83, 8346)
(132, 17, 5667)
(132, 13, 9186)
(132, 118, 5732)
(132, 79, 1689)
(132, 26, 10721)
(132, 14, 2114)
(132, 41, 1622)
(132, 66, 1436)
(132, 90, 1143)
(132, 22, 1906)
(132, 20, 6747)
(132, 100, 5437)
(132, 70, 6862)
(132, 36, 2402)
(132, 24, 5116)
(132, 117, 255)
(132, 109, 3575)
(132, 10, 8601)
(132, 67, 3660)
(132, 116, 3718)
(132, 59, 9666)
(132, 71, 10746)
(132, 120, 65)
(132, 63, 8138)
(132, 19, 5125)
(132, 43, 3246)
(132, 1, 8235)
(132, 130, 2299)
(132, 65, 8961)
(132, 23, 6756)
(132, 112, 2947)
(132, 99, 2724)
(132, 55, 5006)
(132, 27, 9590)
(132, 76, 5041)
(132, 60, 1570)
(132, 0, 5327)
(132, 7, 6224)
(132, 4, 5013)
(132, 97, 11186)
(132, 54, 2014)
(132, 86, 9897)
(132, 51, 9985)
(132, 39, 10456)
(132, 58, 5084)
(132, 61, 4158)
(132, 73, 3167)
(132, 127, 4476)
(132, 45, 9578)
(132, 69, 7993)
(132, 48, 4329)
(132, 115, 6338)
(132, 129, 4543)
(132, 52, 6613)
(132, 72, 4338)
(132, 110, 784)
(132, 12, 5893)
(132, 11, 614)
(132, 78, 2321)
(132, 103, 2198)
(132, 123, 10565)
(132, 91, 10859)
(133, 108, 3314)
(133, 43, 9260)
(133, 90, 2506)
(133, 101, 1201)
(133, 93, 2828)
(133, 52, 6478)
(133, 24, 2089)
(133, 81, 4096)
(133, 47, 2183)
(133, 13, 3135)
(133, 116, 2200)
(133, 70, 8304)
(133, 94, 4194)
(133, 79, 8465)
(133, 124, 7795)
(133, 110, 9654)
(133, 117, 5929)
(133, 20, 6030)
(133, 16, 11389)
(133, 132, 6174)
(133, 45, 2704)
(133, 61, 8535)
(133, 29, 10656)
(133, 112, 5450)
(133, 37, 5064)
(133, 96, 11244)
(133, 129, 6963)
(133, 46, 6049)
(133, 62, 8949)
(133, 56, 11128)
(133, 33, 3929)
(133, 10, 5935)
(133, 41, 10302)
(133, 86, 9280)
(133, 64, 7442)
(133, 120, 2850)
(133, 8, 7071)
(133, 7, 6923)
(133, 76, 214)
(133, 42, 3615)
(133, 0, 10117)
(133, 123, 8592)
(133, 55, 8503)
(133, 65, 2669)
(133, 78, 3194)
(133, 127, 305)
(133, 36, 1159)
(133, 74, 7559)
(133, 113, 2243)
(133, 73, 633)
(133, 89, 4639)
(133, 21, 7469)
(133, 131, 6067)
(133, 122, 10022)
(133, 27, 256)
(133, 103, 8729)
(133, 38, 10347)
(133, 121, 9192)
(133, 68, 971)
(133, 99, 8881)
(133, 51, 1491)
(133, 92, 9634)
(133, 54, 10596)
(133, 63, 2518)
(133, 104, 4155)
(133, 31, 5103)
(133, 58, 2391)
(133, 69, 4967)
(133, 34, 10798)
(133, 109, 3971)
(133, 107, 11223)
(133, 5, 6908)
(133, 119, 1312)
(133, 32, 4843)
(133, 91, 1031)
(133, 128, 9155)
(133, 30, 3601)
(133, 1, 2869)
(133, 106, 9288)
(133, 15, 7696)
(133, 98, 11384)
(133, 125, 10810)
(133, 105, 9438)
(134, 31, 3515)
(134, 43, 8434)
(134, 110, 5924)
(134, 2, 8225)
(134, 108, 11380)
(134, 50, 7914)
(134, 37, 3598)
(134, 64, 1316)
(134, 121, 1402)
(134, 113, 3205)
(134, 101, 1779)
(134, 90, 4633)
(134, 39, 5100)
(134, 83, 3317)
(134, 57, 10156)
(134, 126, 9575)
(134, 111, 2585)
(134, 109, 2872)
(134, 53, 6364)
(134, 11, 10095)
(134, 77, 5436)
(134, 99, 5083)
(134, 36, 1293)
(134, 119, 8194)
(134, 105, 9701)
(134, 56, 1044)
(134, 7, 8522)
(134, 23, 1323)
(134, 29, 124)
(134, 133, 3886)
(134, 46, 2359)
(134, 79, 8130)
(134, 98, 7584)
(134, 14, 5628)
(134, 94, 8395)
(134, 35, 5796)
(134, 78, 10215)
(134, 68, 1035)
(134, 84, 504)
(134, 54, 9830)
(134, 42, 3047)
(134, 6, 322)
(134, 93, 9356)
(134, 96, 2742)
(134, 129, 6970)
(134, 118, 1969)
(134, 32, 10148)
(134, 115, 2749)
(134, 102, 6095)
(134, 28, 8999)
(134, 44, 117)
(134, 20, 1585)
(134, 117, 2556)
(134, 114, 2676)
(134, 92, 9133)
(134, 103, 5668)
(134, 73, 2448)
(134, 100, 10666)
(134, 82, 10945)
(134, 47, 3772)
(134, 116, 156)
(134, 5, 52)
(134, 97, 9275)
(134, 55, 2023)
(134, 10, 998)
(134, 88, 5969)
(134, 0, 1269)
(134, 87, 10297)
(134, 8, 3161)
(134, 120, 2866)
(134, 9, 7130)
(134, 58, 925)
(134, 4, 2262)
(134, 1, 7329)
(134, 24, 7196)
(134, 13, 5194)
(134, 3, 11340)
(134, 132, 867)
(134, 65, 6760)
(134, 107, 4244)
(134, 60, 8287)
(134, 86, 3282)
(134, 80, 6081)
(134, 67, 8517)
(134, 81, 10745)
(134, 61, 8380)
(134, 25, 5361)
(134, 30, 946)
(134, 131, 11302)
(134, 16, 1517)
(134, 34, 512)
(134, 124, 3813)
(134, 45, 4068)
(134, 85, 4844)
(134, 130, 601)
(134, 51, 4770)
(134, 76, 1499)
(134, 40, 2625)
(134, 52, 10568)
(134, 49, 6871)
(134, 22, 292)
(134, 33, 5383)
(134, 75, 7764)
(134, 128, 2357)
(134, 19, 2782)
(134, 17, 1818)
(134, 112, 5320)
(134, 15, 5118)
(134, 12, 1475)
(134, 122, 11082)
(135, 19, 8156)
(135, 20, 8981)
(135, 4, 11346)
(135, 114, 10701)
(135, 72, 5959)
(135, 86, 4632)
(135, 44, 7427)
(135, 119, 405)
(135, 42, 4087)
(135, 97, 2222)
(135, 33, 10729)
(135, 130, 2540)
(135, 45, 6196)
(135, 111, 8834)
(135, 25, 11123)
(135, 88, 9174)
(135, 76, 8911)
(135, 61, 11005)
(135, 32, 3845)
(135, 74, 9332)
(135, 21, 8463)
(135, 9, 10341)
(135, 10, 7890)
(135, 96, 7297)
(135, 38, 10937)
(135, 77, 792)
(135, 85, 10262)
(135, 134, 1832)
(135, 3, 8488)
(135, 92, 1424)
(135, 120, 7557)
(135, 99, 6648)
(135, 123, 9152)
(135, 11, 6789)
(135, 132, 10467)
(135, 63, 3293)
(135, 29, 8539)
(135, 54, 2822)
(135, 107, 8402)
(135, 2, 4642)
(135, 18, 1913)
(135, 28, 28)
(135, 7, 8335)
(135, 104, 4577)
(136, 86, 1423)
(136, 1, 10332)
(136, 106, 2805)
(136, 87, 11246)
(136, 85, 6389)
(136, 35, 1586)
(136, 2, 8906)
(136, 14, 11132)
(136, 48, 2521)
(136, 49, 10874)
(136, 129, 8602)
(136, 122, 3574)
(136, 17, 7500)
(136, 94, 10999)
(136, 101, 4886)
(136, 90, 4265)
(136, 63, 4122)
(136, 36, 5441)
(136, 102, 6654)
(136, 34, 7386)
(136, 104, 10503)
(136, 24, 5446)
(136, 59, 6465)
(136, 118, 5716)
(136, 40, 6396)
(136, 107, 9333)
(136, 27, 3958)
(136, 57, 2237)
(136, 114, 11330)
(136, 72, 56)
(136, 92, 2488)
(136, 95, 3631)
(136, 58, 8997)
(136, 45, 10026)
(136, 91, 518)
(136, 20, 3333)
(136, 111, 10896)
(136, 64, 5153)
(136, 74, 11298)
(136, 56, 3578)
(136, 62, 6734)
(136, 33, 10354)
(136, 127, 1753)
(136, 133, 5858)
(136, 121, 7556)
(137, 31, 2174)
(137, 10, 4029)
(137, 86, 10408)
(137, 40, 7885)
(137, 132, 6430)
(137, 114, 4073)
(137, 9, 10060)
(137, 17, 2279)
(137, 68, 3170)
(137, 60, 3618)
(137, 65, 2865)
(137, 45, 9964)
(137, 3, 1707)
(137, 72, 1242)
(137, 57, 10851)
(137, 44, 4281)
(137, 5, 6550)
(137, 129, 4221)
(137, 47, 9175)
(137, 39, 5061)
(137, 21, 9868)
(137, 95, 6400)
(137, 82, 9960)
(137, 136, 1894)
(137, 120, 4411)
(137, 42, 7565)
(137, 109, 6348)
(137, 71, 8238)
(137, 101, 7085)
(137, 79, 6505)
(137, 11, 6126)
(137, 34, 1847)
(137, 66, 7440)
(137, 93, 1448)
(137, 80, 1804)
(137, 70, 7028)
(137, 113, 9563)
(137, 51, 6576)
(137, 43, 1223)
(137, 6, 8723)
(137, 76, 5078)
(137, 22, 197)
(137, 14, 9619)
(137, 26, 6421)
(137, 16, 1939)
(137, 53, 5709)
(137, 125, 5600)
(137, 75, 8055)
(137, 13, 2896)
(137, 107, 7116)
(137, 130, 307)
(137, 48, 9581)
(137, 41, 8762)
(137, 7, 4383)
(137, 98, 6569)
(137, 108, 7533)
(137, 94, 11337)
(137, 133, 10174)
(137, 63, 8878)
(137, 49, 8538)
(137, 20, 7865)
(137, 55, 4432)
(137, 110, 905)
(137, 32, 9502)
(137, 96, 8309)
(137, 111, 7167)
(137, 46, 7338)
(137, 88, 6925)
(137, 78, 1099)
(137, 81, 11375)
(137, 106, 5378)
(138, 105, 3566)
(138, 104, 5837)
(138, 99, 3402)
(138, 117, 9826)
(138, 85, 636)
(138, 47, 8942)
(138, 22, 2578)
(138, 110, 7907)
(138, 108, 5583)
(138, 128, 2164)
(138, 13, 9190)
(138, 119, 2579)
(138, 54, 10080)
(138, 136, 11245)
(138, 36, 1599)
(138, 67, 9794)
(138, 52, 5149)
(138, 135, 9796)
(138, 103, 7881)
(138, 50, 6361)
(138, 122, 213)
(138, 6, 7817)
(138, 86, 5512)
(138, 1, 10043)
(138, 21, 3067)
(138, 46, 8960)
(138, 10, 9501)
(138, 40, 3941)
(138, 41, 2860)
(138, 70, 5772)
(138, 9, 3962)
(138, 34, 3891)
(138, 130, 5359)
(138, 18, 4708)
(138, 111, 10838)
(138, 68, 2460)
(138, 62, 6015)
(138, 66, 9946)
(138, 7, 7948)
(138, 51, 3706)
(138, 115, 7383)
(138, 59, 5229)
(138, 58, 8393)
(138, 49, 250)
(138, 5, 7169)
(138, 101, 1352)
(138, 29, 4873)
(138, 0, 9551)
(138, 80, 5651)
(138, 87, 8863)
(138, 37, 7138)
(138, 53, 3994)
(138, 76, 10394)
(138, 56, 7274)
(138, 106, 4789)
(138, 112, 9)
(138, 69, 11266)
(138, 124, 1128)
(138, 127, 6262)
(138, 116, 6952)
(138, 102, 4362)
(138, 32, 3157)
(138, 73, 7688)
(138, 132, 2605)
(138, 98, 3697)
(138, 26, 9070)
(138, 42, 1434)
(138, 109, 3975)
(138, 129, 11141)
(138, 82, 8000)
(138, 137, 9134)
(139, 35, 5806)
(139, 20, 3581)
(139, 93, 5713)
(139, 42, 4949)
(139, 44, 8989)
(139, 126, 332)
(139, 99, 6536)
(139, 91, 8406)
(140, 127, 10586)
(140, 85, 6256)
(140, 72, 3164)
(140, 43, 10683)
(140, 5, 7554)
(140, 96, 1958)
(140, 50, 9821)
(140, 27, 7080)
(140, 92, 6880)
(140, 36, 88)
(140, 102, 7572)
(140, 33, 3147)
(140, 135, 893)
(140, 88, 10735)
(140, 138, 144)
(140, 22, 6169)
(140, 9, 1980)
(140, 42, 10372)
(140, 25, 1317)
(140, 79, 9428)
(140, 32, 5527)
(140, 51, 10313)
(140, 38, 11202)
(140, 78, 7312)
(140, 75, 11034)
(140, 69, 2345)
(140, 1, 2244)
(140, 20, 9200)
(140, 117, 7268)
(140, 100, 4793)
(140, 90, 7125)
(140, 47, 10558)
(140, 87, 7006)
(140, 112, 9097)
(140, 18, 9112)
(140, 13, 7420)
(140, 84, 5551)
(140, 83, 4389)
(140, 134, 1047)
(140, 56, 9667)
(140, 68, 10918)
(140, 21, 4494)
(140, 126, 8850)
(140, 124, 6308)
(140, 26, 5480)
(140, 81, 8108)
(140, 14, 7769)
(140, 64, 2716)
(140, 114, 7853)
(140, 19, 455)
(140, 120, 1211)
(140, 48, 2483)
(140, 104, 10863)
(140, 45, 6006)
(140, 62, 4370)
(140, 113, 7422)
(140, 54, 3905)
(140, 46, 11364)
(140, 103, 3763)
(140, 129, 1087)
(140, 121, 2686)
(140, 136, 3889)
(140, 49, 1251)
(140, 10, 5391)
(140, 76, 8776)
(140, 125, 11255)
(140, 41, 2663)
(140, 39, 205)
(140, 93, 4688)
(140, 37, 6365)
(140, 111, 993)
(140, 137, 7384)
(140, 34, 652)
(140, 17, 6853)
(140, 123, 5521)
(140, 115, 9526)
(140, 7, 8002)
(140, 110, 278)
(140, 40, 8262)
(140, 24, 3233)
(140, 61, 1944)
(140, 59, 11290)
(140, 107, 82)
(140, 108, 8116)
(140, 86, 4756)
(140, 15, 6504)
(140, 16, 4599)
(140, 35, 2017)
(140, 139, 4481)
(140, 128, 10368)
(140, 63, 4964)
(140, 105, 4607)
(140, 60, 10509)
(140, 106, 11325)
(140, 44, 8398)
(140, 66, 9080)
(140, 31, 4293)
(140, 116, 3831)
(140, 28, 5910)
(140, 4, 10694)
(140, 3, 1230)
(140, 30, 2309)
(140, 29, 6135)
(140, 11, 7581)
(140, 73, 1718)
(140, 55, 9965)
(140, 98, 7082)
(140, 82, 1063)
(140, 53, 8679)
(140, 57, 583)
(140, 130, 5021)
(140, 8, 3852)
(140, 131, 6106)
(140, 70, 1799)
(141, 87, 5119)
(141, 10, 10645)
(141, 83, 10149)
(141, 133, 5626)
(141, 61, 9308)
(141, 120, 1265)
(141, 130, 8886)
(141, 129, 4208)
(141, 21, 10200)
(141, 111, 8421)
(141, 118, 5975)
(142, 35, 5911)
(142, 98, 3723)
(142, 73, 3976)
(142, 121, 11199)
(142, 120, 11053)
(142, 124, 5411)
(142, 84, 3253)
(142, 65, 4628)
(142, 23, 5555)
(142, 93, 6423)
(142, 77, 1531)
(142, 64, 5188)
(142, 45, 6506)
(142, 8, 6655)
(142, 47, 566)
(143, 84, 11057)
(143, 47, 95)
(143, 18, 8492)
(143, 56, 6951)
(143, 121, 1091)
(143, 109, 2083)
(143, 97, 10054)
(143, 104, 5439)
(143, 54, 9635)
(143, 64, 6717)
(143, 69, 6971)
(143, 0, 2514)
(143, 81, 8669)
(143, 34, 10672)
(143, 86, 9297)
(143, 58, 10553)
(143, 132, 2007)
(143, 38, 5427)
(143, 128, 3354)
(143, 27, 6957)
(143, 79, 7154)
(143, 103, 7290)
(143, 68, 7176)
(143, 138, 4679)
(143, 31, 5794)
(143, 13, 5489)
(143, 61, 1133)
(143, 1, 4410)
(143, 50, 8165)
(143, 131, 7118)
(143, 28, 2930)
(143, 92, 4717)
(143, 105, 8847)
(143, 114, 9995)
(143, 70, 2341)
(143, 21, 5165)
(143, 126, 10062)
(143, 59, 6936)
(143, 124, 4672)
(143, 94, 2317)
(143, 88, 11297)
(143, 39, 7837)
(143, 137, 625)
(143, 4, 2068)
(143, 32, 4961)
(143, 122, 5912)
(143, 119, 8645)
(143, 93, 4497)
(143, 45, 626)
(143, 139, 165)
(143, 2, 289)
(143, 95, 3820)
(143, 57, 8694)
(143, 78, 4249)
(143, 125, 9967)
(143, 66, 2032)
(143, 55, 8023)
(143, 43, 3458)
(143, 142, 3590)
(143, 140, 9971)
(143, 10, 561)
(143, 74, 6538)
(143, 77, 7776)
(143, 14, 3014)
(143, 26, 370)
(143, 62, 2925)
(143, 46, 4682)
(143, 48, 7474)
(143, 3, 10284)
(143, 33, 1084)
(143, 87, 10756)
(143, 118, 10222)
(143, 15, 854)
(143, 6, 199)
(143, 5, 3735)
(143, 36, 8902)
(144, 142, 1525)
(144, 51, 8562)
(144, 85, 9478)
(144, 83, 8362)
(144, 88, 5400)
(144, 98, 2439)
(144, 87, 4888)
(144, 28, 2066)
(144, 77, 8493)
(144, 113, 2242)
(144, 100, 681)
(144, 79, 8964)
(144, 134, 4730)
(144, 120, 6997)
(144, 14, 7370)
(144, 58, 230)
(144, 105, 10540)
(144, 53, 2711)
(144, 70, 7267)
(144, 65, 11243)
(144, 31, 7897)
(144, 138, 4998)
(144, 34, 1484)
(144, 121, 5618)
(144, 5, 913)
(144, 94, 7421)
(144, 50, 5364)
(144, 52, 3536)
(144, 21, 6544)
(144, 55, 2657)
(144, 128, 86)
(144, 81, 9108)
(144, 118, 3920)
(144, 130, 2965)
(144, 131, 10271)
(144, 76, 9560)
(144, 46, 1134)
(144, 63, 11283)
(144, 115, 3799)
(144, 133, 3173)
(144, 66, 7315)
(144, 39, 245)
(144, 101, 8898)
(144, 103, 4921)
(144, 18, 776)
(144, 48, 7112)
(144, 72, 4993)
(144, 126, 8823)
(144, 10, 6873)
(144, 59, 1610)
(144, 43, 8244)
(144, 40, 1458)
(144, 36, 7488)
(144, 129, 4095)
(144, 80, 1003)
(144, 108, 7942)
(144, 15, 677)
(144, 62, 8877)
(144, 127, 8439)
(144, 19, 3969)
(144, 33, 7361)
(144, 4, 10801)
(144, 64, 3860)
(144, 22, 1831)
(144, 3, 4891)
(144, 91, 271)
(144, 140, 6779)
(144, 44, 9927)
(144, 104, 3637)
(144, 109, 4864)
(144, 17, 2238)
(144, 20, 3093)
(144, 117, 11041)
(144, 102, 6448)
(144, 73, 5219)
(144, 124, 10340)
(144, 42, 4442)
(144, 61, 4312)
(144, 6, 5107)
(144, 136, 3789)
(144, 106, 9892)
(144, 114, 2868)
(144, 32, 10322)
(144, 99, 4063)
(144, 90, 8749)
(144, 23, 3445)
(144, 75, 9146)
(144, 96, 3383)
(144, 93, 5703)
(144, 111, 4026)
(144, 137, 11197)
(144, 112, 5675)
(144, 9, 7900)
(144, 139, 4303)
(144, 11, 9454)
(144, 78, 8993)
(144, 24, 7704)
(144, 84, 3307)
(144, 69, 577)
(144, 132, 786)
(144, 2, 11212)
(144, 107, 3308)
(144, 1, 661)
(144, 30, 6507)
(144, 67, 5608)
(144, 82, 9633)
(144, 37, 2733)
(144, 0, 1195)
(144, 16, 6966)
(144, 35, 2864)
(144, 119, 1176)
(144, 143, 2906)
(144, 41, 8916)
(144, 141, 824)
(145, 22, 10590)
(145, 9, 4457)
(145, 58, 6593)
(145, 52, 9685)
(145, 7, 3436)
(145, 127, 1999)
(145, 115, 5842)
(145, 109, 8192)
(145, 20, 105)
(145, 24, 678)
(145, 80, 8353)
(145, 134, 3930)
(145, 61, 6838)
(145, 38, 8936)
(145, 86, 7409)
(145, 5, 343)
(145, 6, 7713)
(145, 76, 6930)
(145, 47, 7418)
(145, 70, 2277)
(145, 63, 1749)
(145, 138, 9191)
(145, 74, 6458)
(145, 11, 10213)
(145, 144, 6884)
(145, 100, 3352)
(145, 60, 9461)
(145, 132, 10077)
(145, 54, 7088)
(145, 116, 3687)
(145, 27, 3651)
(145, 71, 9306)
(145, 118, 2273)
(145, 53, 9293)
(145, 21, 9100)
(145, 125, 6744)
(145, 122, 2374)
(145, 18, 5991)
(145, 113, 6979)
(145, 137, 6882)
(145, 40, 8268)
(146, 86, 7449)
(146, 33, 8436)
(146, 118, 9768)
(146, 53, 4313)
(146, 18, 8324)
(146, 0, 11095)
(146, 83, 4962)
(146, 58, 9538)
(146, 137, 2254)
(146, 135, 6165)
(146, 45, 7818)
(146, 9, 5795)
(146, 4, 7224)
(146, 47, 11307)
(146, 69, 3964)
(146, 71, 6060)
(146, 63, 9568)
(146, 43, 3004)
(146, 28, 9279)
(146, 133, 6468)
(146, 49, 2206)
(146, 141, 8540)
(146, 87, 6913)
(146, 66, 11045)
(146, 42, 3488)
(146, 19, 7413)
(146, 120, 645)
(146, 132, 4896)
(146, 77, 10083)
(146, 39, 4147)
(146, 17, 5054)
(146, 36, 7007)
(146, 14, 8780)
(146, 128, 931)
(146, 30, 2977)
(146, 20, 1663)
(146, 76, 853)
(146, 37, 9895)
(146, 67, 7848)
(146, 130, 4618)
(146, 24, 2330)
(146, 142, 4060)
(146, 102, 1177)
(146, 3, 4963)
(146, 52, 11336)
(146, 143, 2261)
(146, 64, 6610)
(146, 113, 8524)
(146, 35, 5679)
(146, 89, 1051)
(146, 95, 6163)
(146, 2, 4785)
(146, 26, 8097)
(146, 46, 2903)
(146, 15, 1474)
(146, 55, 6931)
(146, 124, 6728)
(146, 92, 4180)
(146, 57, 2127)
(146, 13, 5286)
(146, 65, 939)
(146, 22, 6032)
(146, 74, 8049)
(146, 21, 3399)
(146, 11, 1937)
(146, 129, 4899)
(146, 138, 6343)
(146, 38, 719)
(146, 107, 4504)
(146, 123, 8458)
(146, 85, 7318)
(146, 109, 3752)
(146, 136, 950)
(146, 112, 7542)
(146, 72, 9429)
(146, 34, 8861)
(146, 75, 10628)
(146, 108, 8825)
(146, 48, 2581)
(146, 126, 10759)
(146, 119, 10785)
(146, 121, 5319)
(146, 104, 10751)
(146, 59, 1786)
(146, 40, 9077)
(146, 25, 6647)
(146, 7, 1915)
(146, 117, 10346)
(146, 131, 3745)
(146, 41, 5374)
(146, 31, 864)
(146, 140, 2997)
(146, 98, 7365)
(146, 100, 10241)
(146, 70, 5792)
(146, 101, 516)
(146, 116, 11226)
(146, 78, 7066)
(146, 50, 3596)
(146, 12, 1645)
(146, 111, 7828)
(146, 27, 5859)
(146, 80, 1359)
(146, 90, 5624)
(147, 62, 5574)
(147, 110, 2784)
(147, 51, 5604)
(147, 102, 4613)
(147, 84, 4567)
(147, 65, 8322)
(147, 142, 6922)
(148, 130, 6578)
(148, 119, 6257)
(148, 100, 4802)
(148, 43, 1593)
(148, 133, 9486)
(148, 122, 2983)
(148, 131, 6724)
(148, 98, 5093)
(148, 71, 6736)
(148, 141, 4448)
(148, 73, 3732)
(148, 55, 5594)
(148, 46, 2982)
(148, 9, 7172)
(148, 137, 4816)
(148, 129, 9483)
(148, 5, 7242)
(148, 83, 31)
(148, 77, 6205)
(148, 7, 5680)
(148, 118, 10345)
(148, 32, 1095)
(149, 73, 2533)
(149, 77, 4773)
(149, 7, 9120)
(149, 122, 11209)
(149, 101, 3209)
(149, 69, 2181)
(149, 26, 330)
(149, 71, 1025)
(149, 22, 2378)
(149, 42, 10263)
(149, 51, 5173)
(149, 85, 5922)
(149, 28, 5345)
(149, 23, 2910)
(149, 32, 10452)
(149, 8, 5645)
(149, 37, 3420)
(149, 90, 1656)
(149, 4, 5056)
(149, 108, 2246)
(149, 148, 8486)
(149, 91, 7512)
(149, 67, 4751)
(149, 24, 1704)
(149, 40, 10052)
(149, 1, 5630)
(149, 54, 8388)
(149, 79, 2453)
(149, 125, 783)
(149, 18, 8751)
(149, 35, 9759)
(149, 60, 734)
(149, 115, 6948)
(149, 97, 1294)
(149, 68, 9573)
(149, 43, 303)
(149, 112, 5888)
(149, 104, 10493)
(149, 114, 2768)
(149, 16, 6748)
(149, 98, 4699)
(149, 12, 9576)
(149, 129, 9241)
(149, 61, 758)
(149, 50, 2913)
(149, 146, 10909)
(149, 39, 1963)
(149, 140, 2396)
(149, 72, 6833)
(149, 100, 10086)
(149, 121, 8603)
(150, 88, 8545)
(150, 124, 831)
(150, 69, 2417)
(150, 15, 2593)
(150, 128, 3057)
(150, 67, 2511)
(150, 0, 6668)
(150, 23, 5928)
