132
(1, 0, 1505)
(2, 0, 7554)
(3, 1, 7307)
(3, 2, 7833)
(4, 1, 53)
(4, 2, 7947)
(4, 0, 3786)
(4, 3, 201)
(5, 2, 3774)
(5, 0, 4727)
(6, 4, 8636)
(6, 5, 5593)
(6, 1, 2901)
(6, 2, 5232)
(6, 0, 2924)
(7, 6, 8266)
(7, 4, 4009)
(7, 2, 1800)
(7, 3, 7298)
(7, 0, 3819)
(8, 0, 7457)
(8, 6, 2480)
(9, 0, 1277)
(9, 6, 4150)
(10, 9, 3334)
(10, 5, 4303)
(11, 9, 5870)
(11, 5, 3585)
(11, 6, 3162)
(11, 1, 4688)
(11, 0, 291)
(11, 8, 722)
(11, 3, 5883)
(12, 8, 1930)
(12, 1, 278)
(12, 5, 1363)
(12, 7, 7110)
(13, 8, 3882)
(13, 0, 1589)
(13, 6, 5356)
(13, 11, 2571)
(13, 5, 8459)
(13, 9, 5774)
(13, 10, 2464)
(13, 3, 1476)
(13, 7, 4726)
(13, 1, 4141)
(13, 12, 7789)
(13, 2, 4124)
(13, 4, 7660)
(14, 11, 2966)
(14, 3, 1255)
(14, 12, 1487)
(15, 7, 3129)
(15, 14, 8436)
(15, 13, 4973)
(15, 8, 5255)
(15, 11, 2586)
(15, 1, 3034)
(15, 9, 7313)
(15, 10, 1709)
(15, 2, 4360)
(15, 0, 1584)
(15, 6, 4339)
(15, 3, 6275)
(15, 12, 3543)
(15, 5, 582)
(15, 4, 5352)
(16, 15, 4883)
(16, 12, 8707)
(16, 5, 478)
(16, 6, 3731)
(16, 3, 6151)
(16, 13, 7646)
(16, 7, 5464)
(16, 8, 5314)
(16, 2, 5289)
(16, 1, 1159)
(16, 0, 3854)
(16, 9, 6416)
(16, 10, 1525)
(16, 14, 6470)
(17, 9, 7681)
(17, 2, 3078)
(18, 11, 1360)
(18, 10, 7514)
(18, 9, 6916)
(18, 13, 3552)
(19, 9, 4915)
(20, 14, 1650)
(20, 11, 193)
(20, 7, 3220)
(20, 12, 1316)
(20, 13, 4108)
(21, 14, 6875)
(21, 20, 7398)
(21, 15, 6425)
(21, 6, 3855)
(21, 13, 1590)
(21, 9, 7910)
(21, 10, 7175)
(22, 18, 7523)
(22, 6, 3134)
(22, 13, 6730)
(22, 10, 3227)
(22, 3, 3963)
(22, 17, 5450)
(22, 11, 2283)
(22, 14, 607)
(22, 20, 3598)
(22, 21, 6977)
(22, 9, 1116)
(22, 8, 3622)
(22, 2, 8225)
(22, 1, 7320)
(22, 0, 44)
(22, 5, 1041)
(22, 15, 5202)
(22, 19, 5387)
(22, 7, 7530)
(22, 16, 1303)
(22, 4, 6220)
(23, 15, 5256)
(23, 3, 5933)
(23, 16, 2651)
(23, 22, 7238)
(23, 14, 2219)
(23, 19, 92)
(23, 2, 5441)
(23, 20, 1296)
(23, 1, 4308)
(23, 5, 2052)
(24, 18, 8453)
(24, 3, 7054)
(24, 22, 4917)
(24, 10, 2418)
(24, 7, 7427)
(24, 16, 3962)
(24, 5, 3396)
(24, 0, 102)
(24, 2, 5494)
(24, 8, 3505)
(24, 12, 4728)
(24, 21, 5003)
(24, 15, 20)
(24, 14, 1788)
(24, 11, 6961)
(25, 16, 4576)
(25, 4, 3609)
(25, 20, 3245)
(25, 24, 4239)
(25, 5, 859)
(25, 13, 690)
(25, 2, 6479)
(25, 15, 3636)
(25, 12, 8080)
(25, 9, 5323)
(25, 11, 3633)
(25, 1, 2345)
(25, 10, 8256)
(25, 23, 1960)
(25, 21, 739)
(25, 17, 1742)
(25, 14, 5875)
(25, 6, 8497)
(25, 22, 4130)
(25, 3, 7314)
(25, 0, 6072)
(25, 18, 8662)
(25, 19, 3208)
(26, 25, 667)
(26, 5, 6940)
(26, 23, 8160)
(26, 16, 289)
(26, 10, 4335)
(26, 9, 5716)
(26, 13, 6215)
(26, 7, 348)
(26, 2, 4426)
(26, 8, 3393)
(26, 1, 3339)
(26, 6, 7480)
(26, 22, 871)
(26, 12, 1615)
(26, 14, 6956)
(26, 4, 6499)
(26, 21, 7133)
(26, 19, 8235)
(26, 0, 6734)
(26, 17, 2216)
(26, 18, 2065)
(27, 12, 3086)
(27, 2, 4038)
(27, 16, 4976)
(27, 23, 1685)
(28, 3, 1136)
(28, 9, 8198)
(28, 18, 3011)
(28, 27, 2252)
(28, 4, 5941)
(28, 0, 3313)
(29, 10, 2808)
(29, 5, 5879)
(29, 16, 5609)
(29, 28, 754)
(29, 6, 1629)
(29, 8, 8508)
(29, 17, 3106)
(29, 4, 8334)
(29, 14, 1990)
(29, 7, 7500)
(30, 3, 4540)
(30, 25, 2878)
(30, 20, 2623)
(30, 11, 5316)
(30, 7, 2291)
(30, 4, 2992)
(30, 16, 3360)
(30, 0, 5873)
(30, 29, 3606)
(30, 15, 4769)
(30, 18, 3904)
(30, 6, 6712)
(30, 12, 6370)
(30, 24, 4094)
(30, 21, 3265)
(31, 15, 7511)
(31, 11, 2852)
(31, 6, 968)
(31, 3, 1329)
(31, 17, 699)
(31, 20, 2366)
(31, 13, 7518)
(31, 30, 5357)
(31, 8, 3139)
(31, 16, 556)
(31, 22, 489)
(31, 23, 1910)
(31, 26, 26)
(31, 29, 6831)
(31, 0, 4264)
(31, 5, 2054)
(31, 25, 1998)
(31, 21, 975)
(31, 10, 513)
(32, 21, 6597)
(32, 0, 1848)
(32, 17, 6088)
(32, 23, 3530)
(32, 20, 3666)
(32, 29, 2311)
(32, 10, 517)
(32, 26, 2585)
(32, 1, 5014)
(32, 27, 8644)
(32, 4, 7534)
(32, 30, 2120)
(32, 5, 6771)
(32, 7, 3200)
(32, 2, 3283)
(32, 11, 8351)
(32, 15, 3067)
(32, 28, 3528)
(32, 8, 6500)
(32, 9, 1827)
(32, 12, 14)
(32, 3, 8477)
(33, 12, 4782)
(33, 7, 359)
(33, 28, 4788)
(33, 3, 2212)
(33, 1, 864)
(33, 29, 1586)
(33, 22, 2775)
(33, 13, 8250)
(33, 2, 2866)
(33, 4, 505)
(33, 31, 6807)
(33, 20, 6046)
(33, 0, 3136)
(33, 8, 1581)
(33, 26, 5537)
(33, 15, 3757)
(33, 24, 922)
(34, 22, 7675)
(34, 31, 4180)
(34, 19, 5921)
(34, 32, 4416)
(34, 23, 8559)
(35, 24, 4698)
(35, 23, 203)
(35, 6, 2562)
(35, 19, 4640)
(35, 15, 1700)
(35, 25, 5364)
(35, 28, 2376)
(35, 34, 706)
(35, 13, 6161)
(35, 3, 3040)
(35, 12, 4653)
(35, 9, 1286)
(35, 14, 741)
(35, 32, 1042)
(35, 18, 3586)
(35, 21, 7548)
(35, 22, 6177)
(35, 30, 4460)
(35, 1, 3548)
(35, 5, 5911)
(35, 27, 1892)
(35, 17, 5903)
(35, 7, 3959)
(35, 11, 2419)
(35, 29, 4471)
(35, 33, 8247)
(35, 31, 798)
(36, 34, 6612)
(36, 28, 288)
(37, 25, 3551)
(37, 36, 2451)
(37, 1, 3443)
(37, 33, 5136)
(37, 12, 4860)
(37, 3, 2111)
(38, 7, 1672)
(38, 28, 2473)
(38, 35, 631)
(38, 23, 639)
(38, 31, 6995)
(38, 32, 1762)
(39, 23, 8448)
(39, 21, 84)
(39, 32, 3377)
(39, 1, 6385)
(39, 18, 2774)
(39, 20, 5259)
(39, 35, 3409)
(39, 29, 2988)
(39, 10, 4282)
(39, 33, 8135)
(39, 37, 593)
(39, 26, 8456)
(39, 14, 8574)
(39, 34, 7881)
(39, 7, 6402)
(39, 4, 240)
(40, 27, 4564)
(40, 3, 1199)
(40, 6, 7031)
(40, 12, 6582)
(40, 33, 2139)
(40, 16, 3635)
(40, 5, 1821)
(40, 9, 3627)
(40, 26, 3734)
(40, 15, 2850)
(40, 22, 4058)
(40, 31, 6090)
(40, 4, 7872)
(40, 10, 8611)
(40, 38, 355)
(40, 14, 2921)
(40, 20, 2002)
(40, 21, 3886)
(40, 23, 28)
(40, 32, 2832)
(40, 30, 4538)
(40, 1, 1879)
(40, 28, 2888)
(40, 17, 3477)
(40, 29, 3137)
(40, 18, 8234)
(40, 37, 7816)
(40, 25, 1771)
(40, 39, 5286)
(40, 11, 7397)
(40, 19, 361)
(40, 0, 5025)
(40, 13, 5067)
(40, 35, 5288)
(40, 2, 6849)
(41, 8, 4704)
(41, 32, 1786)
(41, 13, 3218)
(41, 3, 4068)
(41, 24, 3337)
(41, 2, 1670)
(41, 9, 6825)
(41, 16, 4858)
(41, 21, 4313)
(41, 26, 6760)
(41, 29, 6149)
(41, 37, 4802)
(41, 12, 8304)
(41, 14, 4712)
(41, 22, 5608)
(41, 1, 1862)
(41, 11, 2160)
(41, 19, 8600)
(41, 23, 5449)
(41, 30, 1951)
(41, 36, 404)
(41, 7, 368)
(41, 25, 152)
(41, 35, 5613)
(41, 0, 2754)
(41, 39, 1044)
(41, 15, 7926)
(41, 28, 7717)
(41, 34, 2075)
(41, 5, 5696)
(41, 40, 6781)
(41, 38, 2967)
(41, 6, 5094)
(41, 4, 3506)
(41, 18, 5490)
(42, 36, 4163)
(42, 19, 8183)
(42, 26, 8342)
(42, 20, 2476)
(42, 8, 3002)
(42, 18, 7513)
(42, 34, 8670)
(42, 13, 5042)
(42, 30, 6043)
(42, 29, 3832)
(42, 7, 4583)
(42, 28, 5728)
(42, 39, 1843)
(42, 40, 8038)
(42, 0, 6835)
(42, 27, 7196)
(42, 6, 7379)
(42, 4, 4378)
(42, 15, 1369)
(42, 17, 7599)
(42, 38, 1527)
(42, 22, 2837)
(42, 32, 884)
(42, 9, 5571)
(42, 24, 5500)
(42, 35, 7383)
(42, 10, 1558)
(42, 1, 244)
(42, 14, 2097)
(42, 5, 2491)
(42, 31, 5414)
(42, 12, 4641)
(42, 11, 4562)
(42, 21, 1702)
(42, 2, 6296)
(42, 23, 7990)
(42, 37, 2114)
(42, 25, 539)
(43, 27, 2830)
(43, 33, 7721)
(43, 6, 5043)
(43, 29, 3521)
(43, 42, 391)
(43, 14, 4307)
(43, 38, 6884)
(43, 34, 5712)
(43, 10, 5738)
(43, 0, 7476)
(43, 26, 8289)
(43, 20, 7210)
(43, 36, 1906)
(43, 21, 6108)
(43, 9, 4218)
(43, 37, 4112)
(43, 24, 4829)
(43, 39, 2692)
(43, 40, 863)
(43, 8, 3248)
(44, 20, 300)
(44, 34, 2067)
(44, 12, 1949)
(44, 41, 1427)
(44, 29, 2588)
(44, 13, 8210)
(44, 0, 2763)
(44, 11, 821)
(44, 4, 1060)
(44, 36, 753)
(44, 19, 5782)
(44, 30, 4905)
(44, 43, 7702)
(44, 14, 299)
(44, 24, 3073)
(44, 15, 42)
(44, 33, 2760)
(44, 35, 5424)
(44, 9, 395)
(44, 22, 392)
(44, 31, 1545)
(45, 8, 1110)
(45, 0, 558)
(45, 4, 4590)
(45, 15, 7813)
(45, 24, 2751)
(45, 39, 7025)
(45, 21, 2822)
(45, 13, 5647)
(45, 37, 8069)
(45, 41, 7950)
(45, 19, 7745)
(45, 5, 927)
(45, 38, 1899)
(45, 9, 4513)
(45, 2, 5598)
(45, 43, 39)
(45, 3, 7478)
(45, 14, 7083)
(45, 16, 728)
(45, 17, 5503)
(46, 19, 8584)
(46, 17, 2489)
(46, 26, 1211)
(46, 1, 7690)
(46, 38, 5365)
(46, 42, 2210)
(46, 37, 2769)
(46, 16, 1851)
(46, 3, 2864)
(46, 43, 843)
(46, 23, 3240)
(46, 15, 121)
(46, 10, 1898)
(46, 30, 7834)
(46, 35, 4552)
(46, 45, 2835)
(46, 13, 626)
(47, 38, 3116)
(47, 16, 5328)
(47, 18, 7541)
(48, 12, 5432)
(49, 6, 6264)
(49, 1, 3872)
(49, 32, 3145)
(49, 2, 1620)
(49, 41, 1070)
(49, 3, 6692)
(49, 36, 2405)
(49, 46, 1893)
(49, 15, 2389)
(49, 37, 877)
(49, 40, 6564)
(49, 25, 8474)
(49, 35, 1562)
(49, 27, 3700)
(49, 29, 3833)
(49, 8, 7885)
(49, 9, 3645)
(49, 44, 1312)
(49, 5, 7481)
(49, 13, 1387)
(49, 34, 1428)
(49, 38, 5881)
(49, 7, 5506)
(49, 19, 7315)
(49, 21, 827)
(49, 20, 609)
(49, 11, 6841)
(49, 48, 6520)
(50, 29, 1236)
(50, 6, 5281)
(51, 40, 7617)
(51, 17, 3737)
(51, 29, 6131)
(51, 1, 4101)
(51, 12, 329)
(51, 20, 4807)
(51, 41, 5957)
(51, 39, 3028)
(51, 7, 4730)
(51, 28, 4774)
(51, 25, 433)
(51, 42, 8141)
(51, 10, 6839)
(51, 15, 7253)
(51, 38, 8689)
(51, 21, 5670)
(51, 37, 8531)
(51, 6, 8648)
(51, 9, 2128)
(51, 32, 2590)
(51, 43, 6281)
(51, 23, 7046)
(51, 0, 4326)
(51, 30, 4107)
(51, 34, 6111)
(51, 35, 7458)
(51, 31, 7917)
(51, 14, 5319)
(51, 44, 6141)
(51, 13, 2947)
(51, 27, 1261)
(51, 18, 4623)
(51, 26, 1321)
(51, 36, 4799)
(51, 22, 5081)
(51, 5, 5108)
(51, 11, 7056)
(51, 24, 17)
(51, 3, 6256)
(51, 46, 4971)
(51, 19, 5473)
(51, 4, 3975)
(52, 1, 1162)
(52, 5, 2089)
(52, 12, 6418)
(52, 9, 696)
(52, 22, 3316)
(52, 7, 5573)
(53, 1, 514)
(53, 28, 1666)
(53, 20, 8529)
(53, 34, 6273)
(53, 52, 1126)
(53, 4, 2204)
(53, 49, 3173)
(53, 31, 214)
(53, 5, 6454)
(53, 47, 4614)
(53, 30, 5585)
(53, 33, 3719)
(53, 15, 1831)
(53, 12, 5901)
(53, 40, 990)
(53, 25, 2748)
(53, 37, 7983)
(53, 10, 5163)
(53, 38, 3161)
(53, 9, 6828)
(53, 45, 5731)
(53, 13, 4002)
(53, 6, 3697)
(53, 44, 29)
(53, 32, 386)
(53, 17, 6978)
(53, 48, 6701)
(53, 22, 550)
(53, 8, 1122)
(53, 7, 8263)
(53, 14, 6844)
(53, 41, 8646)
(53, 36, 1727)
(53, 18, 2879)
(53, 50, 7084)
(53, 3, 1395)
(53, 43, 6290)
(53, 35, 7722)
(53, 39, 4198)
(53, 19, 6395)
(53, 42, 5689)
(53, 46, 7137)
(53, 11, 3098)
(53, 29, 6037)
(54, 2, 4016)
(54, 49, 5054)
(54, 30, 3482)
(54, 28, 7062)
(54, 19, 2544)
(54, 39, 2148)
(54, 6, 6307)
(54, 20, 2669)
(54, 24, 6236)
(54, 1, 1212)
(54, 3, 7613)
(55, 4, 8451)
(55, 53, 2696)
(55, 24, 769)
(55, 20, 6324)
(55, 44, 2900)
(55, 9, 3130)
(55, 6, 1203)
(55, 19, 1166)
(55, 40, 6252)
(55, 50, 2271)
(55, 26, 7743)
(55, 42, 7732)
(55, 38, 6306)
(55, 41, 4368)
(55, 0, 5553)
(55, 21, 8666)
(56, 6, 2119)
(56, 38, 2779)
(56, 27, 4595)
(56, 29, 7115)
(56, 30, 7089)
(56, 14, 7890)
(56, 4, 806)
(56, 44, 485)
(56, 43, 7378)
(56, 21, 2336)
(56, 25, 3717)
(56, 28, 3317)
(57, 56, 1137)
(57, 26, 3924)
(57, 29, 3256)
(57, 9, 2308)
(57, 38, 6383)
(57, 52, 7057)
(57, 19, 1557)
(57, 41, 1324)
(57, 36, 6722)
(57, 55, 3852)
(57, 20, 4855)
(57, 0, 1660)
(57, 2, 4877)
(57, 22, 2207)
(57, 31, 8164)
(57, 33, 4302)
(57, 11, 3682)
(57, 43, 4697)
(57, 8, 8607)
(57, 25, 1010)
(58, 52, 3124)
(58, 13, 6126)
(58, 3, 5291)
(58, 37, 3293)
(58, 55, 2321)
(58, 2, 6112)
(58, 40, 8694)
(58, 38, 5471)
(58, 48, 2493)
(58, 51, 3989)
(58, 28, 3638)
(58, 21, 1272)
(58, 6, 3758)
(58, 9, 5002)
(58, 26, 2172)
(58, 53, 6876)
(58, 45, 3559)
(58, 11, 6872)
(58, 31, 1803)
(58, 20, 4071)
(58, 47, 4076)
(58, 27, 6556)
(58, 24, 7584)
(58, 25, 1791)
(58, 41, 5938)
(58, 33, 4174)
(58, 29, 5456)
(59, 0, 7428)
(59, 26, 3742)
(59, 32, 8582)
(59, 34, 3577)
(59, 42, 3587)
(59, 54, 5226)
(59, 51, 7224)
(59, 22, 928)
(59, 50, 5572)
(59, 12, 693)
(59, 16, 5046)
(59, 20, 8291)
(59, 6, 3642)
(59, 8, 2954)
(59, 39, 3071)
(59, 40, 4920)
(59, 15, 4528)
(59, 52, 8422)
(59, 21, 8211)
(59, 28, 1828)
(59, 49, 532)
(59, 31, 8097)
(59, 23, 3372)
(59, 33, 4277)
(59, 47, 7810)
(59, 53, 563)
(59, 41, 3677)
(59, 29, 7683)
(59, 45, 4789)
(59, 30, 4119)
(59, 38, 246)
(59, 11, 2601)
(59, 58, 8443)
(59, 24, 4906)
(59, 3, 6984)
(59, 2, 1934)
(59, 10, 402)
(59, 55, 4977)
(59, 27, 6862)
(59, 57, 4952)
(59, 36, 8446)
(59, 35, 5988)
(59, 1, 8119)
(59, 13, 1768)
(59, 37, 5574)
(60, 9, 166)
(60, 10, 5654)
(60, 26, 8001)
(60, 12, 562)
(60, 52, 1184)
(60, 34, 3813)
(60, 48, 2333)
(60, 47, 3613)
(60, 24, 1501)
(60, 43, 6666)
(60, 20, 1542)
(60, 7, 5918)
(60, 49, 417)
(60, 5, 1870)
(60, 40, 7639)
(60, 31, 4204)
(60, 29, 8586)
(60, 39, 3117)
(60, 13, 5897)
(60, 14, 4315)
(60, 6, 1641)
(60, 3, 3140)
(60, 30, 1468)
(60, 38, 544)
(60, 28, 2903)
(60, 22, 6927)
(60, 46, 3022)
(60, 45, 5843)
(60, 51, 4172)
(60, 54, 8209)
(60, 35, 2072)
(60, 27, 6756)
(60, 16, 7034)
(60, 55, 7719)
(60, 23, 5691)
(60, 50, 3125)
(60, 59, 4985)
(60, 25, 7376)
(61, 34, 7486)
(61, 19, 5292)
(61, 29, 2038)
(61, 32, 1895)
(61, 51, 3942)
(61, 22, 2738)
(61, 46, 7776)
(61, 60, 3291)
(61, 20, 5275)
(61, 13, 7565)
(61, 48, 4395)
(61, 39, 971)
(61, 25, 700)
(61, 36, 3729)
(61, 4, 2276)
(61, 10, 239)
(61, 6, 7418)
(61, 11, 5842)
(61, 5, 8016)
(61, 18, 5249)
(61, 2, 6649)
(61, 27, 2535)
(61, 16, 3209)
(61, 8, 5370)
(61, 50, 7459)
(61, 47, 8277)
(61, 40, 6843)
(61, 52, 2022)
(61, 1, 5985)
(61, 33, 7336)
(61, 9, 4078)
(61, 24, 4270)
(61, 44, 6199)
(61, 58, 8199)
(61, 7, 4600)
(61, 0, 436)
(61, 42, 6664)
(61, 35, 6559)
(61, 41, 2299)
(61, 43, 7292)
(61, 28, 3775)
(61, 30, 3862)
(61, 59, 1394)
(61, 56, 8265)
(62, 55, 6298)
(62, 58, 5922)
(62, 0, 2145)
(62, 14, 1229)
(62, 43, 7691)
(62, 60, 3418)
(62, 1, 2112)
(62, 29, 459)
(62, 2, 1313)
(62, 50, 5170)
(62, 19, 3144)
(62, 16, 7469)
(62, 37, 4940)
(62, 38, 6898)
(62, 23, 7684)
(62, 35, 5737)
(62, 3, 4352)
(62, 51, 6169)
(62, 53, 1030)
(62, 24, 7455)
(62, 56, 5746)
(62, 13, 30)
(62, 20, 3726)
(62, 57, 987)
(62, 40, 7677)
(62, 26, 5447)
(62, 48, 3916)
(62, 54, 1204)
(62, 10, 1006)
(62, 45, 5420)
(62, 34, 8679)
(62, 6, 7328)
(62, 41, 7009)
(62, 49, 7086)
(62, 25, 2029)
(62, 59, 1953)
(62, 4, 2193)
(62, 27, 6287)
(62, 61, 6879)
(63, 18, 3150)
(63, 7, 5177)
(63, 57, 6051)
(63, 25, 7699)
(64, 46, 4893)
(64, 24, 7005)
(64, 18, 4401)
(64, 23, 5733)
(64, 16, 4569)
(64, 33, 6013)
(64, 45, 3778)
(64, 40, 5075)
(64, 43, 5354)
(64, 54, 6969)
(64, 48, 1398)
(64, 51, 2301)
(64, 30, 933)
(64, 44, 5859)
(64, 21, 1776)
(64, 20, 1941)
(64, 1, 3048)
(64, 35, 7172)
(64, 41, 8537)
(64, 17, 444)
(64, 7, 3010)
(64, 3, 2240)
(64, 31, 2715)
(64, 42, 1507)
(64, 0, 2893)
(64, 63, 3979)
(64, 49, 1631)
(64, 26, 4492)
(64, 36, 5987)
(64, 6, 6198)
(64, 53, 3345)
(64, 39, 3434)
(64, 8, 5340)
(64, 15, 6735)
(64, 5, 1913)
(64, 57, 7533)
(64, 47, 5158)
(64, 55, 2293)
(65, 26, 5688)
(65, 29, 5393)
(65, 53, 807)
(65, 6, 5743)
(65, 32, 3564)
(65, 35, 6990)
(65, 1, 2092)
(65, 44, 3969)
(65, 61, 5806)
(65, 49, 4445)
(65, 4, 415)
(65, 2, 5439)
(65, 50, 5098)
(65, 31, 2495)
(65, 14, 8377)
(65, 13, 3646)
(65, 58, 979)
(65, 55, 2100)
(65, 38, 585)
(65, 39, 7300)
(65, 62, 2331)
(65, 41, 3496)
(65, 27, 5404)
(65, 12, 2005)
(65, 18, 460)
(65, 15, 1926)
(65, 7, 1787)
(65, 9, 6210)
(65, 24, 3212)
(65, 57, 4964)
(65, 54, 1128)
(65, 0, 3825)
(65, 56, 6904)
(65, 64, 376)
(65, 17, 1658)
(65, 28, 7456)
(65, 48, 4816)
(65, 46, 6262)
(65, 19, 1816)
(65, 3, 265)
(65, 47, 7024)
(65, 45, 8368)
(65, 8, 5342)
(65, 30, 6667)
(65, 11, 6384)
(65, 36, 5097)
(65, 40, 7319)
(65, 52, 687)
(65, 21, 6992)
(65, 63, 6311)
(65, 10, 6800)
(65, 37, 5204)
(65, 5, 4037)
(65, 23, 2382)
(65, 59, 5287)
(65, 42, 5775)
(65, 16, 1992)
(65, 60, 2611)
(65, 34, 2478)
(65, 43, 7625)
(65, 51, 4332)
(66, 29, 3315)
(66, 53, 5390)
(66, 5, 7350)
(66, 63, 2788)
(66, 21, 7991)
(66, 24, 168)
(66, 58, 7095)
(66, 6, 8098)
(66, 28, 5770)
(66, 47, 4189)
(66, 42, 81)
(66, 64, 1186)
(66, 52, 6741)
(66, 26, 719)
(66, 48, 5118)
(66, 22, 4252)
(66, 23, 2501)
(66, 39, 781)
(66, 12, 6848)
(66, 60, 2498)
(66, 15, 6529)
(66, 46, 4327)
(66, 65, 8346)
(66, 25, 6573)
(66, 54, 97)
(66, 37, 1368)
(66, 32, 8575)
(66, 41, 940)
(66, 8, 3809)
(66, 36, 2165)
(66, 2, 2916)
(66, 57, 5015)
(66, 51, 5809)
(66, 0, 273)
(66, 61, 5052)
(66, 20, 8454)
(66, 4, 5699)
(66, 19, 4873)
(66, 1, 2694)
(66, 9, 1163)
(66, 62, 4468)
(66, 27, 5971)
(66, 56, 7331)
(66, 31, 637)
(66, 10, 8708)
(66, 16, 5914)
(66, 45, 8172)
(66, 3, 2926)
(66, 59, 3388)
(66, 55, 2717)
(66, 17, 2340)
(66, 35, 2322)
(66, 50, 3299)
(66, 33, 7322)
(66, 7, 7841)
(66, 30, 5888)
(66, 43, 4694)
(66, 49, 2699)
(66, 44, 3915)
(66, 38, 1907)
(66, 40, 2385)
(66, 18, 6950)
(66, 11, 4102)
(66, 34, 1300)
(66, 14, 2337)
(66, 13, 2790)
(67, 56, 5069)
(67, 49, 5749)
(67, 2, 3356)
(67, 42, 8303)
(67, 19, 4943)
(67, 21, 1447)
(67, 12, 8336)
(67, 6, 2789)
(68, 29, 76)
(68, 51, 4796)
(68, 14, 1119)
(68, 15, 3222)
(68, 17, 344)
(68, 16, 7072)
(68, 47, 8564)
(68, 30, 8467)
(68, 67, 7988)
(68, 8, 442)
(68, 10, 4289)
(68, 58, 302)
(68, 52, 7718)
(68, 66, 744)
(68, 23, 8360)
(68, 59, 4167)
(68, 40, 2437)
(68, 50, 6244)
(68, 33, 1079)
(68, 62, 6258)
(68, 11, 7286)
(68, 19, 3497)
(68, 36, 2541)
(68, 57, 4811)
(68, 32, 7246)
(68, 41, 4263)
(69, 2, 4568)
(69, 52, 8219)
(70, 53, 7891)
(70, 46, 4230)
(70, 22, 6837)
(70, 51, 7293)
(70, 36, 7347)
(70, 24, 3629)
(70, 23, 3258)
(70, 49, 7421)
(70, 59, 8168)
(70, 32, 1419)
(70, 52, 2697)
(70, 6, 834)
(70, 62, 4040)
(70, 16, 1510)
(70, 47, 4144)
(70, 56, 366)
(70, 15, 5173)
(70, 38, 5239)
(70, 63, 6753)
(70, 8, 378)
(70, 17, 8115)
(70, 43, 450)
(70, 69, 3294)
(71, 22, 6758)
(71, 39, 6497)
(71, 70, 6488)
(71, 2, 4131)
(71, 33, 6366)
(71, 26, 8248)
(71, 10, 2632)
(71, 34, 6546)
(71, 37, 8563)
(71, 5, 7611)
(71, 32, 4891)
(71, 62, 8159)
(71, 54, 7985)
(71, 29, 3170)
(71, 30, 3353)
(71, 31, 7664)
(71, 69, 3663)
(71, 15, 8241)
(72, 14, 5073)
(72, 24, 5412)
(72, 18, 8692)
(72, 56, 7330)
(72, 28, 4827)
(72, 60, 6212)
(72, 15, 4848)
(72, 59, 1867)
(72, 57, 3431)
(72, 54, 7667)
(72, 62, 8507)
(72, 46, 136)
(72, 11, 5675)
(72, 68, 56)
(72, 10, 5159)
(72, 23, 320)
(72, 35, 2558)
(72, 50, 4032)
(72, 69, 5994)
(72, 7, 4823)
(72, 58, 4602)
(72, 39, 3885)
(72, 64, 8705)
(72, 27, 7177)
(72, 71, 673)
(72, 66, 1809)
(72, 36, 2782)
(72, 4, 4637)
(72, 30, 6044)
(72, 41, 2267)
(72, 19, 5062)
(72, 33, 1089)
(72, 34, 4138)
(72, 21, 1592)
(72, 67, 6064)
(72, 31, 3390)
(72, 17, 5603)
(72, 61, 4479)
(72, 49, 4626)
(72, 6, 8095)
(72, 51, 8272)
(72, 0, 3857)
(72, 38, 8592)
(72, 42, 120)
(72, 32, 709)
(72, 45, 838)
(72, 70, 5995)
(73, 46, 2381)
(73, 71, 5510)
(73, 69, 2872)
(73, 0, 4777)
(73, 36, 8572)
(73, 21, 2083)
(73, 40, 4701)
(73, 56, 1113)
(73, 58, 45)
(73, 50, 5027)
(73, 60, 7183)
(73, 62, 2056)
(73, 37, 4586)
(73, 61, 145)
(73, 27, 2975)
(73, 2, 1916)
(73, 67, 525)
(73, 57, 8352)
(73, 17, 175)
(73, 41, 2354)
(73, 49, 4349)
(73, 55, 614)
(73, 25, 1260)
(73, 34, 2753)
(73, 13, 524)
(73, 68, 555)
(73, 52, 406)
(74, 53, 748)
(74, 29, 5530)
(74, 19, 2660)
(74, 11, 6945)
(74, 46, 6270)
(74, 22, 4034)
(74, 54, 7685)
(74, 30, 5614)
(74, 33, 3611)
(74, 69, 6330)
(74, 52, 3957)
(74, 3, 674)
(74, 4, 527)
(74, 0, 3687)
(74, 41, 7413)
(74, 47, 3470)
(74, 63, 4508)
(74, 48, 1082)
(74, 42, 1464)
(74, 25, 2530)
(74, 23, 6122)
(74, 71, 5016)
(74, 45, 6393)
(74, 43, 1172)
(74, 38, 2605)
(74, 32, 1844)
(74, 31, 5137)
(74, 61, 2723)
(74, 67, 1269)
(74, 35, 6953)
(74, 57, 2198)
(74, 68, 906)
(74, 14, 7507)
(74, 55, 6608)
(74, 2, 3157)
(74, 12, 4683)
(74, 73, 2349)
(74, 21, 5698)
(74, 70, 5584)
(74, 18, 1765)
(74, 16, 6071)
(74, 27, 1039)
(74, 58, 4201)
(74, 5, 7832)
(74, 15, 8194)
(74, 36, 7357)
(74, 1, 3192)
(74, 28, 7234)
(74, 7, 3080)
(74, 37, 3699)
(74, 9, 7761)
(74, 17, 2722)
(74, 65, 2854)
(74, 8, 3771)
(74, 50, 6959)
(74, 44, 4446)
(74, 6, 7316)
(74, 34, 1991)
(74, 24, 1779)
(74, 64, 8462)
(74, 20, 1401)
(74, 26, 1753)
(74, 72, 1046)
(74, 60, 5481)
(74, 49, 2626)
(74, 13, 8163)
(74, 62, 3617)
(74, 56, 4061)
(74, 59, 7354)
(75, 33, 3120)
(75, 74, 8301)
(75, 34, 6538)
(75, 38, 3860)
(75, 12, 2567)
(75, 72, 5787)
(75, 29, 4998)
(75, 55, 6732)
(75, 45, 4869)
(75, 13, 3941)
(75, 1, 126)
(75, 32, 2323)
(75, 44, 5330)
(75, 11, 7665)
(75, 14, 6130)
(75, 36, 2227)
(75, 63, 4488)
(75, 66, 7494)
(75, 73, 6550)
(75, 18, 1252)
(75, 71, 3175)
(75, 43, 8316)
(75, 7, 1689)
(75, 26, 7713)
(75, 22, 438)
(75, 51, 767)
(75, 62, 3215)
(75, 4, 6747)
(75, 53, 171)
(75, 0, 6890)
(75, 23, 4485)
(75, 16, 7630)
(75, 52, 3113)
(75, 70, 4183)
(75, 24, 5964)
(75, 20, 7653)
(75, 3, 4196)
(75, 40, 101)
(75, 64, 6671)
(75, 37, 6604)
(75, 41, 1466)
(75, 6, 6053)
(75, 54, 5454)
(75, 67, 2149)
(75, 27, 316)
(75, 8, 3306)
(75, 47, 1570)
(75, 48, 8677)
(75, 65, 5301)
(75, 60, 8087)
(75, 9, 3072)
(75, 17, 6742)
(75, 15, 8285)
(75, 42, 5872)
(75, 31, 5080)
(75, 30, 8614)
(75, 19, 6857)
(75, 58, 3472)
(75, 59, 752)
(75, 56, 6224)
(75, 25, 1314)
(75, 69, 2393)
(75, 28, 1547)
(75, 2, 2359)
(75, 5, 2714)
(75, 46, 5589)
(75, 61, 1944)
(75, 10, 6924)
(76, 5, 7147)
(76, 29, 2363)
(77, 33, 2687)
(77, 50, 1859)
(77, 12, 2602)
(77, 59, 2129)
(77, 41, 3735)
(77, 34, 4822)
(77, 15, 7697)
(77, 7, 920)
(78, 24, 5858)
(78, 35, 3668)
(78, 9, 6373)
(78, 71, 1853)
(78, 56, 8189)
(78, 66, 3146)
(78, 75, 4188)
(78, 12, 5917)
(78, 29, 215)
(78, 44, 3662)
(78, 48, 7356)
(78, 17, 571)
(78, 43, 7442)
(78, 73, 6902)
(78, 62, 3887)
(78, 39, 4992)
(79, 3, 4612)
(79, 29, 5871)
(79, 14, 7390)
(79, 59, 5683)
(79, 6, 232)
(79, 15, 1618)
(79, 32, 1692)
(79, 52, 1708)
(79, 18, 91)
(79, 24, 7792)
(79, 7, 1143)
(79, 5, 2986)
(79, 4, 7586)
(79, 37, 4463)
(79, 12, 7831)
(79, 39, 5478)
(79, 20, 2917)
(79, 43, 8206)
(79, 74, 7851)
(79, 75, 4844)
(79, 51, 1208)
(79, 61, 123)
(79, 38, 7099)
(79, 53, 3471)
(79, 64, 8264)
(79, 63, 6448)
(79, 41, 8201)
(79, 13, 7943)
(79, 56, 6840)
(79, 67, 3880)
(79, 33, 5606)
(79, 21, 2608)
(79, 11, 7396)
(79, 72, 4476)
(79, 9, 661)
(79, 30, 5750)
(79, 71, 2871)
(79, 25, 1947)
(80, 17, 5732)
(80, 19, 3019)
(80, 57, 773)
(80, 18, 4928)
(80, 22, 2524)
(80, 21, 3241)
(80, 68, 6362)
(80, 3, 6997)
(80, 50, 8418)
(80, 53, 3263)
(80, 38, 7386)
(80, 23, 4958)
(80, 76, 5586)
(80, 63, 8671)
(80, 8, 6633)
(80, 66, 7179)
(80, 73, 926)
(80, 30, 170)
(80, 29, 389)
(80, 36, 8102)
(80, 55, 1456)
(80, 14, 1813)
(80, 37, 3920)
(80, 61, 650)
(80, 65, 8070)
(80, 64, 8295)
(80, 26, 89)
(80, 20, 2396)
(80, 69, 931)
(80, 52, 5402)
(80, 43, 105)
(80, 12, 4125)
(80, 11, 8152)
(80, 25, 5807)
(80, 51, 548)
(80, 74, 7621)
(80, 39, 4627)
(80, 4, 4375)
(80, 31, 155)
(80, 10, 3095)
(80, 13, 1638)
(81, 16, 6415)
(81, 51, 3643)
(81, 58, 4300)
(81, 77, 7931)
(81, 75, 6469)
(81, 69, 197)
(81, 1, 4693)
(81, 27, 938)
(81, 70, 5768)
(81, 9, 5264)
(81, 60, 3834)
(81, 23, 842)
(81, 37, 3540)
(81, 26, 2238)
(81, 13, 2507)
(81, 57, 7774)
(81, 21, 7225)
(81, 71, 1529)
(81, 25, 5276)
(81, 18, 5373)
(81, 72, 1120)
(81, 79, 4611)
(81, 45, 1056)
(81, 66, 1915)
(82, 69, 5300)
(82, 42, 4645)
(82, 46, 994)
(82, 65, 3478)
(82, 74, 1146)
(82, 36, 1997)
(82, 72, 1550)
(82, 1, 360)
(82, 75, 5713)
(82, 8, 2326)
(82, 31, 5620)
(82, 54, 72)
(82, 23, 6233)
(82, 57, 2891)
(82, 39, 2355)
(82, 51, 6763)
(82, 16, 1769)
(82, 76, 5429)
(82, 61, 2757)
(82, 24, 5397)
(82, 80, 4738)
(82, 2, 4942)
(82, 21, 6250)
(82, 73, 6745)
(82, 12, 3765)
(82, 53, 3951)
(82, 63, 8693)
(82, 20, 4203)
(82, 41, 4266)
(82, 35, 1097)
(82, 18, 6894)
(82, 78, 2304)
(83, 58, 6092)
(83, 7, 847)
(83, 30, 3821)
(83, 0, 5740)
(83, 1, 3965)
(83, 50, 2666)
(83, 4, 5091)
(83, 80, 656)
(83, 75, 1460)
(83, 3, 6127)
(83, 42, 4010)
(83, 55, 6361)
(83, 61, 2494)
(83, 10, 8173)
(83, 36, 1535)
(83, 35, 1027)
(83, 18, 597)
(83, 8, 7042)
(83, 32, 6003)
(83, 49, 846)
(83, 54, 3187)
(83, 17, 6475)
(83, 19, 3097)
(83, 6, 4354)
(83, 21, 5309)
(84, 13, 2309)
(84, 37, 156)
(84, 82, 2175)
(84, 65, 7291)
(84, 61, 7466)
(84, 60, 365)
(84, 2, 1452)
(84, 53, 4099)
(84, 83, 7453)
(84, 0, 2598)
(84, 49, 3870)
(84, 39, 3099)
(84, 77, 5625)
(84, 34, 6954)
(84, 74, 6958)
(84, 32, 7715)
(84, 3, 8407)
(84, 36, 7644)
(84, 9, 4837)
(84, 44, 8282)
(84, 22, 8127)
(84, 51, 6368)
(84, 15, 7576)
(84, 11, 4861)
(84, 56, 2229)
(84, 63, 7957)
(84, 19, 7088)
(84, 8, 8473)
(84, 42, 3722)
(84, 55, 6216)
(84, 80, 2707)
(84, 30, 7274)
(84, 33, 1068)
(84, 46, 5527)
(84, 14, 3527)
(84, 50, 7450)
(84, 64, 1364)
(84, 7, 7215)
(84, 57, 602)
(84, 10, 4362)
(84, 1, 5600)
(84, 47, 4455)
(84, 73, 7296)
(84, 68, 1066)
(84, 12, 7242)
(84, 54, 6009)
(84, 48, 3480)
(84, 67, 5071)
(84, 25, 5325)
(84, 31, 1101)
(84, 43, 2133)
(84, 58, 4500)
(84, 17, 447)
(84, 79, 8405)
(85, 77, 3689)
(85, 61, 5762)
(85, 3, 4434)
(85, 38, 813)
(85, 15, 4151)
(85, 83, 2982)
(85, 35, 1729)
(85, 57, 1716)
(85, 34, 4790)
(85, 30, 1416)
(85, 60, 4725)
(85, 16, 2090)
(85, 43, 2786)
(86, 36, 952)
(86, 33, 1485)
(86, 47, 8652)
(86, 24, 318)
(86, 43, 5037)
(86, 2, 3001)
(86, 72, 4170)
(86, 7, 4654)
(86, 1, 3224)
(86, 14, 4356)
(86, 0, 4443)
(86, 75, 8651)
(86, 10, 5837)
(86, 34, 7608)
(86, 62, 1814)
(86, 68, 5386)
(86, 42, 6443)
(86, 83, 2951)
(86, 81, 2085)
(86, 3, 2334)
(86, 79, 5041)
(86, 56, 1573)
(86, 9, 6440)
(86, 18, 4889)
(86, 52, 1013)
(86, 27, 4274)
(86, 61, 508)
(86, 26, 5040)
(86, 48, 2995)
(86, 70, 6237)
(86, 41, 4429)
(86, 74, 3739)
(86, 4, 6261)
(86, 60, 1151)
(86, 37, 6801)
(86, 23, 4149)
(86, 8, 1305)
(86, 45, 2702)
(86, 71, 768)
(86, 51, 8490)
(86, 59, 1876)
(86, 82, 5060)
(86, 40, 5802)
(86, 13, 3661)
(86, 31, 8359)
(86, 11, 7412)
(86, 12, 2211)
(86, 15, 5607)
(87, 84, 7827)
(87, 11, 7859)
(87, 8, 5996)
(87, 2, 4635)
(87, 75, 2441)
(87, 12, 421)
(87, 83, 4359)
(87, 26, 151)
(87, 27, 5853)
(87, 64, 8275)
(87, 5, 6279)
(87, 69, 3110)
(87, 50, 5419)
(87, 37, 8603)
(87, 23, 6673)
(87, 63, 2556)
(87, 68, 4636)
(88, 65, 5168)
(88, 60, 8237)
(88, 4, 3590)
(88, 40, 966)
(88, 23, 745)
(88, 33, 8143)
(88, 73, 7939)
(88, 3, 7321)
(88, 82, 6522)
(88, 44, 8273)
(88, 1, 7725)
(88, 34, 2821)
(88, 7, 6892)
(88, 8, 4894)
(88, 9, 345)
(88, 52, 876)
(88, 38, 6792)
(88, 78, 3060)
(88, 75, 6435)
(88, 85, 220)
(88, 72, 5662)
(88, 16, 1388)
(88, 15, 127)
(88, 5, 5475)
(88, 87, 5038)
(88, 28, 1683)
(88, 50, 2819)
(88, 11, 2189)
(88, 25, 5877)
(88, 22, 5228)
(88, 31, 8470)
(88, 62, 8175)
(88, 35, 5829)
(88, 83, 510)
(88, 57, 5199)
(88, 10, 3869)
(88, 14, 6970)
(88, 18, 6474)
(88, 29, 6641)
(88, 74, 6829)
(88, 80, 3618)
(88, 76, 591)
(88, 46, 4106)
(88, 2, 6694)
(88, 70, 6545)
(88, 53, 3459)
(88, 32, 1285)
(88, 6, 3544)
(88, 43, 7806)
(88, 48, 8056)
(88, 0, 624)
(88, 81, 59)
(88, 66, 6871)
(88, 26, 5890)
(88, 21, 1937)
(88, 79, 2881)
(88, 17, 8444)
(88, 20, 6672)
(88, 67, 5152)
(88, 64, 4793)
(88, 59, 3246)
(88, 77, 5799)
(88, 24, 7929)
(88, 51, 1639)
(88, 12, 7387)
(88, 30, 7127)
(88, 58, 3788)
(88, 54, 5428)
(88, 13, 6363)
(88, 47, 407)
(89, 59, 4436)
(89, 34, 8476)
(89, 25, 1939)
(89, 42, 5655)
(89, 27, 369)
(89, 78, 5556)
(89, 47, 5708)
(89, 83, 5087)
(89, 26, 4466)
(89, 55, 7326)
(89, 87, 3037)
(89, 35, 894)
(89, 69, 4662)
(89, 13, 3894)
(89, 8, 3995)
(89, 85, 3943)
(89, 50, 3298)
(90, 39, 7022)
(90, 76, 1289)
(90, 72, 1662)
(90, 41, 6639)
(90, 63, 6805)
(90, 58, 3374)
(90, 64, 7078)
(90, 3, 7495)
(90, 25, 8555)
(90, 2, 7173)
(90, 34, 8320)
(90, 40, 6458)
(90, 8, 5759)
(90, 45, 3828)
(90, 11, 3503)
(90, 9, 161)
(90, 77, 397)
(90, 85, 8504)
(90, 22, 6464)
(90, 30, 6724)
(90, 37, 5948)
(90, 54, 5590)
(90, 46, 3383)
(90, 13, 3394)
(90, 52, 588)
(90, 28, 6780)
(90, 67, 5452)
(90, 27, 5381)
(90, 57, 109)
(90, 19, 7252)
(90, 0, 8690)
(90, 20, 2948)
(90, 38, 2343)
(90, 88, 3626)
(90, 78, 2062)
(90, 36, 1627)
(90, 65, 3990)
(90, 32, 8509)
(90, 70, 195)
(90, 66, 8583)
(90, 60, 8492)
(90, 6, 2603)
(90, 10, 469)
(90, 26, 4601)
(90, 33, 4398)
(90, 71, 3020)
(90, 21, 4064)
(90, 82, 6442)
(90, 69, 5863)
(90, 29, 1112)
(90, 53, 3784)
(91, 17, 437)
(91, 71, 4084)
(91, 54, 1086)
(91, 61, 3189)
(91, 87, 99)
(91, 34, 400)
(91, 76, 3931)
(91, 13, 1946)
(91, 84, 731)
(91, 75, 5461)
(91, 21, 5538)
(91, 9, 230)
(91, 60, 2142)
(91, 47, 6268)
(91, 0, 4420)
(91, 20, 5779)
(91, 77, 6329)
(91, 29, 2171)
(91, 22, 896)
(91, 15, 6024)
(91, 70, 3165)
(91, 23, 4537)
(91, 48, 6067)
(91, 79, 7101)
(91, 67, 2892)
(91, 52, 967)
(91, 85, 7258)
(91, 66, 2228)
(91, 7, 8635)
(91, 30, 139)
(91, 18, 4563)
(91, 62, 2130)
(91, 59, 2081)
(91, 19, 4706)
(91, 82, 7104)
(91, 31, 502)
(91, 64, 1883)
(91, 73, 4661)
(91, 44, 5522)
(91, 24, 4052)
(91, 55, 8052)
(91, 16, 8439)
(91, 49, 4515)
(91, 36, 1807)
(91, 14, 7470)
(91, 6, 5235)
(91, 27, 135)
(91, 80, 3514)
(91, 8, 2409)
(91, 86, 4408)
(91, 25, 1171)
(91, 53, 7593)
(91, 65, 71)
(91, 90, 3255)
(91, 35, 4972)
(91, 83, 4242)
(91, 88, 3755)
(91, 38, 3036)
(91, 58, 7826)
(91, 72, 856)
(91, 26, 7359)
(91, 39, 3184)
(91, 28, 8004)
(91, 89, 2459)
(92, 39, 6200)
(92, 45, 8682)
(92, 29, 747)
(92, 52, 6854)
(92, 42, 5674)
(92, 75, 3464)
(93, 1, 3675)
(93, 35, 6833)
(94, 26, 5679)
(94, 43, 6679)
(94, 82, 1495)
(94, 71, 1472)
(94, 92, 4176)
(94, 39, 7400)
(94, 32, 5632)
(94, 44, 4116)
(94, 56, 5526)
(94, 72, 2461)
(94, 51, 467)
(94, 49, 5206)
(94, 24, 4127)
(94, 41, 117)
(94, 36, 634)
(94, 7, 2371)
(94, 45, 613)
(94, 93, 3944)
(94, 46, 3267)
(94, 53, 8185)
(94, 20, 382)
(94, 89, 2964)
(94, 34, 1794)
(94, 87, 2379)
(94, 81, 1083)
(94, 61, 298)
(94, 76, 4571)
(94, 58, 7823)
(94, 33, 2913)
(94, 86, 5677)
(94, 3, 819)
(94, 15, 7111)
(94, 54, 7579)
(94, 74, 3691)
(94, 35, 206)
(95, 18, 4232)
(95, 14, 7824)
(95, 45, 4817)
(95, 6, 79)
(95, 78, 6527)
(95, 33, 7317)
(95, 84, 2215)
(95, 4, 4597)
(95, 20, 1483)
(95, 86, 7693)
(95, 85, 5663)
(95, 90, 8213)
(95, 15, 1750)
(95, 17, 49)
(95, 56, 3177)
(95, 46, 4718)
(95, 27, 4840)
(95, 89, 7805)
(95, 61, 2221)
(96, 26, 4350)
(96, 77, 8367)
(96, 51, 3727)
(96, 76, 6449)
(96, 54, 8353)
(96, 28, 3762)
(96, 53, 165)
(96, 75, 4684)
(96, 37, 2003)
(96, 12, 5133)
(96, 61, 4764)
(96, 94, 3883)
(96, 40, 2127)
(96, 32, 7738)
(96, 63, 6022)
(96, 39, 8518)
(96, 41, 1616)
(96, 57, 3874)
(96, 89, 2452)
(96, 86, 6917)
(96, 56, 4342)
(96, 1, 1741)
(96, 47, 6682)
(96, 59, 2941)
(96, 46, 1002)
(96, 64, 8638)
(96, 35, 6960)
(96, 73, 4708)
(96, 82, 8249)
(96, 29, 4222)
(96, 36, 8503)
(96, 2, 3746)
(96, 3, 2675)
(96, 19, 2573)
(96, 9, 7451)
(96, 24, 3228)
(96, 70, 1462)
(96, 93, 1239)
(96, 88, 4514)
(96, 6, 2413)
(96, 4, 7240)
(96, 44, 2838)
(96, 95, 1701)
(96, 43, 373)
(96, 20, 1187)
(96, 60, 7804)
(96, 67, 2937)
(96, 68, 565)
(96, 18, 8105)
(96, 49, 6885)
(96, 23, 4448)
(96, 8, 7438)
(96, 5, 3033)
(96, 16, 3671)
(96, 71, 2372)
(96, 11, 7318)
(96, 80, 2184)
(96, 10, 732)
(96, 25, 7020)
(96, 15, 953)
(96, 48, 113)
(97, 79, 6319)
(97, 37, 2659)
(97, 31, 7600)
(97, 81, 3741)
(97, 84, 1838)
(97, 62, 4751)
(97, 7, 4996)
(97, 78, 4619)
(97, 26, 8310)
(97, 64, 4400)
(97, 12, 8599)
(97, 16, 6987)
(97, 50, 7044)
(98, 47, 3581)
(98, 28, 7295)
(98, 73, 8673)
(98, 49, 7852)
(98, 60, 4783)
(98, 37, 3728)
(98, 52, 8162)
(98, 33, 8347)
(98, 45, 2581)
(98, 31, 4474)
(98, 14, 4079)
(98, 39, 7682)
(98, 42, 5862)
(98, 12, 629)
(98, 16, 3660)
(98, 18, 7107)
(98, 48, 8669)
(98, 4, 3213)
(98, 61, 1866)
(98, 79, 7678)
(98, 15, 8661)
(98, 53, 2969)
(98, 67, 4096)
(98, 66, 1309)
(98, 1, 5208)
(98, 81, 7763)
(98, 22, 3698)
(98, 6, 3204)
(98, 87, 2710)
(98, 29, 7868)
(98, 11, 1818)
(98, 63, 1928)
(98, 32, 4987)
(98, 41, 810)
(98, 77, 181)
(98, 20, 3948)
(98, 43, 6980)
(98, 51, 1223)
(98, 90, 3674)
(98, 36, 2450)
(98, 8, 6404)
(98, 72, 8533)
(98, 85, 6968)
(98, 82, 5347)
(98, 70, 8560)
(98, 13, 306)
(98, 76, 7695)
(98, 74, 2516)
(98, 68, 1156)
(98, 93, 4024)
(98, 10, 3601)
(98, 17, 7844)
(98, 92, 477)
(98, 19, 4722)
(98, 86, 268)
(98, 46, 5792)
(98, 27, 6867)
(98, 54, 1205)
(98, 65, 8297)
(98, 25, 5162)
(98, 88, 4548)
(98, 57, 4376)
(98, 50, 5156)
(98, 55, 2066)
(98, 78, 4532)
(98, 89, 3515)
(98, 83, 823)
(98, 23, 6822)
(98, 75, 1426)
(98, 96, 4849)
(98, 71, 3310)
(98, 69, 3896)
(98, 30, 3637)
(98, 97, 3142)
(98, 80, 1497)
(99, 98, 6533)
(99, 61, 978)
(99, 91, 1410)
(99, 74, 2164)
(99, 85, 2914)
(99, 54, 385)
(99, 7, 5650)
(99, 79, 5220)
(99, 70, 6232)
(99, 1, 559)
(99, 65, 7012)
(99, 71, 5667)
(99, 51, 805)
(99, 62, 98)
(99, 19, 3614)
(99, 5, 7750)
(99, 23, 8374)
(99, 47, 3159)
(99, 57, 4939)
(99, 21, 4221)
(99, 16, 7004)
(99, 0, 504)
(99, 29, 2390)
(99, 6, 6962)
(99, 37, 1585)
(99, 10, 4945)
(99, 45, 7077)
(99, 38, 3537)
(99, 95, 6463)
(99, 72, 1365)
(99, 22, 3018)
(99, 82, 7419)
(99, 69, 8553)
(99, 28, 1971)
(99, 15, 108)
(99, 60, 4122)
(99, 39, 5006)
(99, 66, 4418)
(99, 30, 2938)
(99, 90, 6056)
(99, 14, 5780)
(99, 53, 4019)
(99, 58, 4048)
(100, 90, 5050)
(100, 33, 2940)
(100, 84, 2264)
(100, 26, 2574)
(100, 94, 254)
(100, 34, 3151)
(100, 27, 2610)
(100, 25, 5254)
(100, 40, 6255)
(100, 99, 2425)
(100, 8, 1179)
(100, 32, 7936)
(100, 36, 5599)
(100, 70, 2288)
(100, 18, 4791)
(100, 29, 4089)
(100, 82, 1265)
(100, 41, 2691)
(100, 42, 4621)
(100, 22, 6452)
(100, 57, 7245)
(100, 61, 7235)
(100, 19, 2444)
(101, 58, 4478)
(101, 46, 5812)
(101, 48, 2519)
(101, 7, 6617)
(101, 97, 7915)
(101, 34, 1749)
(101, 42, 6035)
(101, 27, 6196)
(101, 40, 5531)
(101, 82, 6153)
(101, 13, 473)
(101, 86, 5575)
(101, 31, 8137)
(101, 71, 6316)
(101, 3, 1654)
(101, 64, 6110)
(101, 89, 1196)
(101, 77, 5539)
(101, 99, 5852)
(101, 35, 4380)
(101, 78, 8096)
(101, 56, 8314)
(101, 66, 2196)
(101, 2, 1258)
(101, 5, 5218)
(101, 81, 7875)
(101, 17, 6614)
(101, 45, 5363)
(101, 41, 6759)
(101, 92, 3534)
(101, 28, 7013)
(101, 4, 1646)
(101, 94, 6855)
(101, 90, 3399)
(101, 55, 1461)
(101, 30, 6450)
(101, 26, 4692)
(101, 37, 1102)
(101, 15, 4710)
(101, 14, 3738)
(101, 52, 3252)
(101, 20, 3344)
(101, 83, 134)
(101, 76, 364)
(101, 11, 8542)
(102, 8, 5198)
(102, 21, 7802)
(102, 39, 2415)
(102, 57, 4680)
(102, 88, 8109)
(102, 7, 7363)
(102, 90, 3570)
(102, 64, 5785)
(102, 71, 8642)
(102, 20, 2106)
(102, 18, 5485)
(102, 100, 8283)
(102, 38, 4156)
(102, 99, 4030)
(102, 23, 652)
(102, 37, 1784)
(102, 52, 399)
(103, 40, 7918)
(103, 48, 3864)
(103, 102, 2173)
(103, 21, 5790)
(103, 81, 3138)
(103, 39, 1725)
(103, 73, 898)
(103, 94, 7194)
(103, 19, 4867)
(103, 17, 5965)
(103, 27, 1878)
(103, 74, 5954)
(103, 56, 2030)
(103, 51, 2048)
(103, 95, 88)
(103, 20, 8246)
(103, 24, 5406)
(103, 9, 3006)
(103, 26, 3853)
(103, 3, 7654)
(103, 52, 6006)
(103, 80, 4934)
(103, 11, 3814)
(103, 0, 7566)
(103, 72, 7661)
(103, 77, 4033)
(103, 53, 2869)
(103, 43, 5878)
(103, 25, 1001)
(103, 78, 7772)
(103, 82, 6861)
(103, 32, 5096)
(103, 89, 405)
(103, 99, 7435)
(103, 31, 8425)
(103, 35, 3595)
(103, 76, 4845)
(103, 15, 3070)
(103, 38, 234)
(103, 2, 3873)
(103, 69, 2968)
(103, 92, 4322)
(103, 70, 5407)
(103, 90, 7563)
(103, 60, 487)
(103, 54, 6655)
(103, 30, 4361)
(103, 66, 2353)
(103, 37, 3158)
(103, 10, 4760)
(103, 36, 1194)
(103, 75, 7337)
(103, 55, 6983)
(103, 45, 6246)
(103, 84, 4450)
(103, 61, 2040)
(103, 34, 5508)
(103, 13, 3783)
(103, 96, 1938)
(103, 42, 4287)
(103, 18, 4067)
(103, 5, 8498)
(103, 100, 4885)
(103, 22, 6842)
(103, 14, 3135)
(104, 17, 465)
(104, 96, 4897)
(104, 99, 835)
(104, 25, 5032)
(104, 95, 1653)
(104, 70, 410)
(104, 6, 3179)
(104, 14, 888)
(104, 23, 2648)
(104, 97, 4441)
(104, 72, 8287)
(104, 28, 1705)
(104, 88, 1032)
(104, 40, 2633)
(104, 81, 809)
(104, 74, 5544)
(104, 34, 6910)
(104, 10, 1989)
(104, 63, 6738)
(104, 18, 7431)
(104, 54, 7923)
(104, 73, 1515)
(104, 45, 6325)
(104, 53, 1322)
(104, 42, 7155)
(104, 62, 5502)
(104, 68, 5321)
(104, 38, 6139)
(104, 32, 4862)
(104, 7, 6652)
(104, 22, 3888)
(104, 84, 3077)
(104, 0, 5271)
(104, 98, 2458)
(104, 56, 6528)
(104, 1, 3818)
(104, 15, 2953)
(104, 3, 8048)
(104, 19, 5721)
(104, 89, 7506)
(104, 60, 1081)
(104, 75, 124)
(104, 94, 1549)
(104, 43, 8595)
(104, 59, 4780)
(104, 102, 2701)
(104, 69, 4913)
(104, 27, 6646)
(104, 44, 4346)
(104, 103, 54)
(104, 4, 7970)
(104, 49, 7770)
(104, 71, 8008)
(104, 66, 6337)
(104, 33, 2259)
(104, 2, 3379)
(104, 21, 1343)
(104, 61, 2506)
(104, 37, 6351)
(104, 31, 1424)
(104, 55, 6720)
(104, 16, 2848)
(104, 24, 458)
(104, 5, 2126)
(104, 86, 520)
(104, 50, 2780)
(104, 87, 5960)
(104, 82, 3009)
(104, 51, 2436)
(104, 79, 8414)
(104, 93, 6197)
(104, 20, 7362)
(105, 2, 1760)
(105, 23, 4525)
(105, 70, 6678)
(105, 37, 6993)
(106, 90, 1379)
(106, 59, 6751)
(106, 33, 8224)
(106, 91, 390)
(106, 40, 4560)
(106, 36, 604)
(106, 64, 8186)
(106, 13, 4258)
(106, 102, 1984)
(106, 93, 8641)
(106, 94, 3939)
(106, 105, 358)
(106, 0, 8581)
(106, 41, 1956)
(106, 88, 2069)
(106, 83, 7626)
(106, 6, 4740)
(106, 100, 3426)
(106, 46, 8493)
(106, 89, 4599)
(106, 96, 271)
(106, 82, 3647)
(106, 69, 6207)
(106, 75, 5493)
(106, 37, 5085)
(106, 10, 4509)
(106, 54, 531)
(106, 50, 2107)
(106, 77, 4014)
(106, 81, 2028)
(106, 58, 3025)
(106, 44, 1871)
(106, 38, 5884)
(106, 8, 7241)
(106, 45, 2568)
(106, 63, 7148)
(106, 67, 3309)
(106, 9, 394)
(106, 21, 937)
(106, 42, 8433)
(106, 78, 8063)
(106, 18, 5978)
(106, 2, 5639)
(106, 61, 65)
(106, 101, 2257)
(106, 79, 3596)
(106, 84, 7407)
(106, 73, 2836)
(106, 98, 107)
(106, 25, 3340)
(106, 17, 2275)
(106, 26, 35)
(106, 48, 149)
(106, 87, 586)
(106, 39, 4109)
(106, 35, 3787)
(106, 4, 3793)
(106, 24, 19)
(106, 62, 4879)
(106, 57, 1215)
(106, 95, 3247)
(106, 66, 5886)
(106, 103, 7620)
(106, 71, 5813)
(106, 52, 855)
(106, 68, 1977)
(106, 32, 8628)
(106, 80, 7933)
(106, 55, 5304)
(106, 56, 5757)
(106, 60, 1955)
(106, 99, 2615)
(106, 30, 2812)
(106, 11, 5272)
(106, 47, 6381)
(106, 86, 6951)
(106, 104, 554)
(106, 31, 2035)
(106, 65, 1637)
(106, 3, 3386)
(106, 51, 6477)
(106, 70, 8309)
(106, 74, 3789)
(106, 1, 796)
(106, 16, 2174)
(106, 14, 1604)
(106, 85, 3563)
(106, 49, 3992)
(106, 34, 5120)
(106, 5, 2025)
(106, 92, 2635)
(106, 53, 3672)
(106, 7, 2503)
(106, 20, 3509)
(106, 19, 8388)
(106, 23, 3079)
(106, 12, 2679)
(106, 15, 1684)
(107, 95, 1792)
(107, 39, 2742)
(107, 57, 5132)
(107, 36, 7595)
(107, 64, 6560)
(107, 83, 4238)
(107, 20, 5666)
(107, 63, 7344)
(108, 56, 7070)
(108, 37, 7711)
(108, 45, 4618)
(108, 1, 6080)
(108, 0, 7866)
(108, 66, 4154)
(108, 12, 790)
(108, 51, 6342)
(108, 85, 64)
(108, 87, 5122)
(108, 79, 2151)
(108, 81, 5223)
(108, 58, 5119)
(108, 83, 6877)
(108, 52, 7968)
(108, 17, 7815)
(108, 94, 4798)
(108, 59, 7856)
(108, 61, 2946)
(108, 49, 2801)
(108, 95, 6651)
(108, 15, 7163)
(108, 24, 5225)
(108, 28, 5754)
(108, 71, 981)
(108, 46, 1244)
(108, 104, 7270)
(108, 23, 4228)
(109, 98, 5227)
(109, 50, 5495)
(109, 5, 2256)
(109, 107, 3801)
(109, 45, 5880)
(109, 97, 7483)
(109, 54, 468)
(109, 105, 4559)
(109, 17, 7756)
(109, 72, 1647)
(109, 12, 1283)
(109, 6, 7975)
(109, 58, 4220)
(109, 80, 8562)
(109, 73, 655)
(109, 102, 7546)
(109, 10, 936)
(109, 49, 7558)
(109, 47, 5258)
(109, 59, 147)
(109, 101, 7369)
(109, 108, 3413)
(109, 13, 3061)
(109, 34, 7932)
(109, 15, 6580)
(109, 14, 6920)
(109, 93, 515)
(109, 57, 797)
(109, 99, 3397)
(109, 2, 4424)
(109, 44, 7658)
(109, 11, 4217)
(109, 84, 6971)
(109, 63, 6129)
(109, 31, 8685)
(109, 76, 3703)
(109, 70, 471)
(109, 4, 2698)
(109, 95, 5310)
(109, 94, 8389)
(109, 24, 3850)
(109, 90, 5229)
(109, 65, 5462)
(109, 92, 2630)
(109, 33, 617)
(110, 16, 2242)
(110, 54, 8101)
(110, 26, 1378)
(110, 56, 6073)
(110, 29, 6543)
(110, 34, 1341)
(110, 103, 1406)
(110, 11, 5578)
(110, 89, 1904)
(110, 45, 6277)
(110, 63, 3649)
(110, 21, 8328)
(110, 36, 2153)
(110, 19, 7887)
(110, 33, 448)
(110, 37, 5128)
(110, 78, 1471)
(110, 3, 199)
(110, 48, 6379)
(110, 57, 5635)
(110, 27, 749)
(110, 8, 1600)
(110, 46, 4371)
(110, 100, 5509)
(110, 97, 4152)
(110, 92, 1850)
(110, 4, 4153)
(110, 28, 258)
(110, 6, 5113)
(110, 40, 8371)
(110, 59, 6160)
(110, 13, 6166)
(110, 2, 4529)
(110, 105, 8156)
(110, 62, 6755)
(110, 25, 7142)
(110, 106, 2952)
(110, 0, 6334)
(110, 12, 1940)
(110, 77, 974)
(110, 39, 638)
(110, 18, 4878)
(110, 69, 2156)
(110, 74, 3432)
(110, 66, 6365)
(110, 86, 5803)
(110, 61, 6309)
(110, 83, 6562)
(110, 30, 3970)
(110, 17, 3362)
(110, 76, 8145)
(110, 84, 3865)
(111, 51, 5717)
(111, 85, 3517)
(111, 60, 2889)
(111, 61, 224)
(111, 72, 2896)
(111, 12, 8192)
(111, 105, 1961)
(111, 109, 6300)
(111, 58, 5257)
(111, 4, 7140)
(111, 65, 8385)
(111, 76, 2045)
(111, 77, 5543)
(111, 75, 8060)
(111, 66, 7474)
(111, 9, 7604)
(111, 54, 1366)
(111, 29, 2421)
(111, 11, 4570)
(111, 40, 4526)
(111, 62, 2518)
(111, 53, 6140)
(111, 21, 1567)
(111, 70, 1352)
(111, 38, 7705)
(111, 82, 4405)
(111, 27, 6943)
(111, 20, 3597)
(111, 3, 7504)
(111, 18, 157)
(111, 71, 2932)
(111, 103, 1817)
(111, 87, 1649)
(111, 64, 6665)
(111, 7, 5184)
(111, 8, 5788)
(111, 93, 3351)
(111, 81, 5318)
(111, 35, 7779)
(111, 80, 6407)
(111, 89, 6643)
(111, 1, 635)
(112, 80, 1494)
(112, 43, 7553)
(112, 21, 4333)
(112, 2, 5898)
(112, 66, 869)
(112, 24, 3837)
(112, 11, 3123)
(112, 56, 8409)
(112, 12, 765)
(112, 26, 7694)
(112, 19, 292)
(112, 58, 1802)
(112, 55, 8333)
(112, 90, 3847)
(112, 51, 8610)
(112, 93, 4126)
(112, 4, 7531)
(112, 94, 5521)
(112, 87, 4003)
(112, 27, 3197)
(112, 99, 2008)
(112, 77, 3451)
(112, 69, 1058)
(112, 101, 3032)
(112, 62, 2237)
(112, 23, 3242)
(112, 54, 131)
(112, 28, 6669)
(112, 86, 5846)
(112, 9, 3972)
(112, 95, 6217)
(112, 33, 6276)
(112, 49, 4801)
(112, 48, 3452)
(112, 72, 2919)
(112, 35, 1392)
(112, 98, 4464)
(112, 85, 2147)
(112, 63, 5114)
(112, 70, 2453)
(112, 36, 4676)
(112, 71, 8319)
(112, 65, 2201)
(112, 68, 757)
(112, 60, 6627)
(112, 64, 7583)
(112, 15, 8006)
(112, 100, 698)
(112, 111, 4932)
(112, 61, 2787)
(112, 31, 4123)
(112, 53, 3856)
(112, 47, 158)
(112, 34, 5507)
(112, 40, 162)
(112, 41, 4389)
(112, 91, 77)
(112, 107, 7892)
(112, 29, 2110)
(112, 81, 2192)
(112, 38, 8495)
(112, 32, 3565)
(112, 97, 6802)
(112, 105, 8551)
(112, 1, 3571)
(113, 66, 5107)
(113, 41, 5165)
(113, 29, 461)
(113, 92, 1053)
(113, 32, 2296)
(113, 112, 3991)
(113, 39, 3678)
(113, 2, 7752)
(113, 98, 1623)
(113, 82, 2423)
(113, 30, 3583)
(113, 19, 630)
(113, 101, 3297)
(113, 83, 8167)
(113, 10, 2963)
(113, 104, 5134)
(113, 69, 4261)
(113, 11, 3331)
(113, 20, 3656)
(113, 24, 6859)
(113, 63, 7120)
(113, 67, 4831)
(113, 102, 2121)
(113, 28, 3616)
(113, 58, 2465)
(113, 5, 334)
(113, 93, 1386)
(113, 7, 7392)
(113, 60, 3301)
(113, 95, 3993)
(113, 81, 2705)
(113, 42, 8298)
(113, 49, 5838)
(113, 65, 2102)
(113, 79, 2205)
(113, 17, 6033)
(113, 80, 8174)
(113, 97, 4020)
(113, 6, 6120)
(113, 56, 5801)
(113, 109, 7901)
(113, 77, 4087)
(113, 37, 4296)
(113, 13, 8318)
(113, 70, 4309)
(113, 43, 2761)
(113, 73, 5157)
(113, 100, 5268)
(113, 27, 6804)
(113, 110, 4643)
(113, 51, 499)
(113, 33, 2328)
(113, 107, 2362)
(113, 78, 4267)
(113, 86, 7641)
(113, 9, 2831)
(113, 44, 8279)
(113, 106, 3211)
(113, 76, 3314)
(113, 105, 3442)
(113, 14, 7468)
(113, 38, 944)
(113, 103, 4989)
(113, 59, 2772)
(113, 53, 3030)
(113, 99, 3706)
(113, 62, 4256)
(113, 35, 457)
(113, 89, 6501)
(113, 85, 8239)
(113, 84, 2428)
(113, 15, 826)
(113, 94, 669)
(113, 108, 2533)
(113, 40, 6412)
(113, 22, 6291)
(113, 23, 2895)
(113, 4, 423)
(113, 46, 954)
(113, 90, 6653)
(113, 68, 8387)
(113, 74, 6908)
(113, 71, 2018)
(113, 91, 6106)
(113, 3, 2918)
(113, 1, 3695)
(113, 52, 5115)
(113, 34, 2764)
(113, 16, 6062)
(113, 64, 8281)
(113, 47, 8215)
(113, 61, 2814)
(113, 21, 7549)
(113, 111, 4523)
(113, 55, 2840)
(113, 96, 5262)
(113, 18, 58)
(113, 45, 5501)
(113, 50, 4005)
(113, 8, 875)
(113, 75, 4839)
(113, 26, 5415)
(113, 25, 4631)
(113, 0, 5434)
(113, 31, 3844)
(113, 48, 6793)
(113, 36, 2346)
(113, 72, 4629)
(113, 54, 2098)
(114, 36, 5154)
(114, 48, 5106)
(114, 90, 1929)
(114, 78, 5687)
(114, 77, 946)
(114, 107, 2833)
(114, 71, 727)
(115, 19, 283)
(115, 88, 8195)
(115, 34, 3375)
(115, 77, 7853)
(115, 36, 1504)
(115, 59, 5710)
(115, 23, 4015)
(115, 71, 1345)
(115, 51, 7638)
(115, 67, 949)
(115, 101, 4283)
(115, 109, 853)
(115, 12, 2123)
(115, 113, 5554)
(115, 87, 3730)
(115, 15, 7793)
(115, 86, 5706)
(115, 44, 4439)
(115, 111, 6775)
(115, 98, 209)
(115, 60, 3278)
(115, 46, 8655)
(115, 61, 2853)
(115, 57, 951)
(115, 30, 8130)
(115, 18, 4104)
(115, 9, 4301)
(115, 84, 3859)
(115, 66, 83)
(115, 24, 6889)
(115, 31, 3858)
(115, 95, 4747)
(115, 32, 2194)
(115, 72, 4678)
(115, 13, 5637)
(115, 73, 5488)
(115, 1, 5185)
(115, 70, 1995)
(115, 49, 6286)
(115, 110, 3437)
(115, 74, 6660)
(115, 6, 3526)
(115, 103, 8576)
(115, 102, 2509)
(115, 64, 5217)
(115, 26, 5555)
(115, 27, 5818)
(115, 2, 6077)
(115, 37, 5915)
(115, 108, 2670)
(115, 39, 6626)
(115, 100, 7499)
(115, 65, 2863)
(115, 53, 335)
(115, 48, 2597)
(115, 5, 5231)
(115, 55, 6552)
(115, 114, 1055)
(115, 28, 580)
(115, 68, 736)
(115, 8, 7097)
(115, 58, 738)
(115, 106, 1412)
(115, 38, 7585)
(115, 52, 6739)
(115, 96, 2272)
(115, 16, 253)
(115, 14, 621)
(115, 22, 2862)
(115, 97, 3921)
(115, 81, 5920)
(115, 4, 4938)
(115, 41, 2079)
(115, 45, 6537)
(115, 3, 6565)
(115, 89, 5518)
(115, 83, 6906)
(115, 94, 4902)
(115, 17, 4054)
(115, 90, 5703)
(115, 104, 6514)
(115, 35, 481)
(115, 43, 7669)
(115, 91, 2734)
(115, 54, 3945)
(115, 78, 3799)
(115, 7, 7796)
(115, 85, 6579)
(115, 21, 7880)
(115, 75, 4876)
(115, 92, 3868)
(116, 14, 1772)
(116, 58, 5497)
(116, 59, 5180)
(116, 35, 3946)
(116, 72, 5058)
(116, 15, 5367)
(116, 64, 7129)
(116, 40, 668)
(116, 70, 6434)
(116, 114, 2250)
(116, 8, 7198)
(116, 78, 8311)
(116, 48, 3149)
(116, 112, 3312)
(116, 91, 5781)
(116, 100, 2629)
(116, 22, 6137)
(116, 38, 3415)
(116, 60, 7666)
(116, 71, 7572)
(116, 85, 3421)
(116, 101, 8609)
(116, 92, 3043)
(116, 68, 775)
(116, 74, 1188)
(116, 17, 8223)
(116, 81, 3107)
(116, 18, 1443)
(116, 49, 5533)
(116, 25, 6031)
(116, 99, 5657)
(116, 103, 7288)
(116, 77, 866)
(116, 56, 5860)
(116, 102, 3057)
(116, 88, 5673)
(116, 62, 7659)
(116, 9, 7485)
(116, 73, 7963)
(116, 67, 5940)
(116, 80, 3219)
(116, 16, 8014)
(116, 34, 8121)
(116, 69, 618)
(116, 51, 625)
(116, 86, 8440)
(116, 84, 852)
(116, 42, 8222)
(116, 106, 6656)
(116, 89, 3052)
(116, 28, 482)
(116, 52, 5437)
(116, 75, 40)
(116, 53, 3933)
(116, 93, 8049)
(116, 113, 3715)
(116, 63, 1109)
(116, 19, 7687)
(116, 30, 3555)
(116, 5, 2799)
(116, 2, 5445)
(116, 32, 716)
(116, 76, 7250)
(116, 45, 2654)
(116, 111, 6495)
(116, 50, 1927)
(116, 27, 5972)
(116, 3, 5798)
(116, 90, 176)
(116, 36, 3744)
(116, 24, 3994)
(116, 87, 7821)
(116, 61, 7762)
(116, 83, 1912)
(116, 41, 568)
(116, 7, 5469)
(116, 44, 2068)
(116, 1, 715)
(116, 0, 1886)
(116, 97, 6011)
(116, 10, 3752)
(117, 40, 8362)
(117, 16, 7165)
(117, 57, 6911)
(117, 66, 6271)
(117, 44, 7785)
(117, 102, 6933)
(117, 24, 6578)
(117, 71, 782)
(117, 22, 7723)
(117, 90, 7399)
(117, 51, 963)
(117, 116, 8220)
(117, 111, 4731)
(117, 20, 6544)
(117, 3, 3554)
(118, 44, 342)
(118, 116, 5624)
(118, 90, 144)
(118, 66, 6847)
(118, 43, 363)
(118, 65, 1511)
(118, 87, 3389)
(118, 100, 1411)
(118, 112, 2399)
(118, 74, 3800)
(118, 97, 5066)
(118, 114, 3747)
(118, 9, 2265)
(118, 8, 6315)
(118, 58, 3336)
(118, 108, 7402)
(118, 86, 2672)
(118, 105, 8133)
(118, 3, 1799)
(118, 96, 6344)
(118, 15, 8306)
(118, 39, 7237)
(118, 62, 7239)
(118, 75, 1349)
(118, 51, 820)
(118, 79, 6485)
(118, 45, 4465)
(118, 57, 553)
(118, 77, 5212)
(118, 99, 5207)
(118, 109, 6025)
(118, 76, 6554)
(118, 88, 6796)
(118, 104, 5079)
(118, 42, 7119)
(118, 20, 6103)
(118, 110, 4292)
(118, 93, 2046)
(118, 80, 8182)
(118, 78, 8637)
(118, 64, 1597)
(118, 94, 6511)
(118, 17, 6827)
(118, 23, 3974)
(118, 73, 5981)
(118, 2, 1149)
(118, 10, 627)
(118, 56, 5345)
(118, 32, 4930)
(118, 33, 5194)
(118, 71, 6725)
(118, 26, 4758)
(118, 48, 2996)
(118, 7, 8419)
(118, 68, 5279)
(118, 4, 2882)
(118, 95, 1019)
(118, 84, 3876)
(118, 37, 8382)
(118, 36, 4165)
(118, 54, 7445)
(118, 106, 5172)
(118, 91, 3549)
(118, 5, 67)
(118, 61, 3322)
(118, 12, 1243)
(118, 0, 1214)
(118, 53, 5983)
(118, 31, 3919)
(118, 113, 3419)
(118, 13, 8366)
(118, 72, 5786)
(119, 40, 4954)
(119, 12, 380)
(119, 114, 1310)
(119, 51, 1931)
(119, 105, 5430)
(119, 100, 5302)
(119, 60, 2162)
(119, 89, 2767)
(119, 83, 7176)
(119, 3, 4039)
(119, 32, 8036)
(119, 87, 7073)
(120, 71, 8431)
(120, 49, 3823)
(120, 82, 8624)
(120, 48, 2922)
(120, 11, 2643)
(120, 116, 8486)
(120, 63, 7567)
(120, 50, 6422)
(120, 61, 2959)
(120, 45, 2816)
(120, 10, 2627)
(120, 39, 4720)
(120, 74, 5029)
(120, 62, 4209)
(120, 59, 55)
(120, 107, 6150)
(120, 16, 7964)
(120, 27, 7904)
(120, 76, 6803)
(120, 52, 1337)
(120, 12, 8434)
(120, 2, 4219)
(120, 106, 3455)
(120, 68, 4231)
(120, 103, 1051)
(120, 101, 4490)
(120, 83, 5147)
(120, 70, 2485)
(120, 38, 2867)
(120, 87, 5090)
(120, 56, 6409)
(120, 104, 68)
(120, 28, 1177)
(120, 85, 2657)
(120, 78, 4519)
(120, 22, 1028)
(120, 66, 7477)
(120, 75, 1704)
(120, 3, 1492)
(120, 18, 4585)
(120, 35, 1087)
(120, 100, 5007)
(120, 15, 8190)
(120, 23, 8384)
(120, 42, 61)
(120, 84, 1889)
(120, 26, 6893)
(120, 44, 2873)
(120, 33, 583)
(120, 86, 5997)
(120, 58, 5839)
(120, 32, 6467)
(120, 37, 4045)
(120, 93, 6907)
(120, 67, 1263)
(120, 4, 5961)
(120, 17, 7800)
(121, 80, 2407)
(121, 3, 8376)
(121, 39, 2457)
(121, 28, 3216)
(121, 113, 7385)
(121, 119, 1417)
(121, 77, 5176)
(121, 110, 2931)
(121, 29, 5935)
(121, 115, 7335)
(121, 27, 8117)
(121, 8, 8585)
(121, 36, 4672)
(121, 7, 8632)
(121, 117, 371)
(121, 101, 2036)
(121, 81, 913)
(121, 37, 8460)
(121, 97, 3710)
(121, 85, 4813)
(121, 62, 2078)
(121, 26, 7818)
(121, 16, 6202)
(121, 83, 541)
(121, 54, 1280)
(121, 19, 4284)
(121, 78, 2527)
(121, 46, 5865)
(121, 100, 6327)
(121, 112, 7535)
(121, 57, 6868)
(121, 90, 6586)
(121, 118, 5470)
(121, 33, 4729)
(121, 111, 5669)
(121, 6, 3694)
(121, 74, 4394)
(121, 25, 2135)
(121, 89, 5958)
(121, 31, 5924)
(121, 56, 8268)
(121, 96, 409)
(121, 9, 1965)
(121, 79, 6284)
(121, 102, 4216)
(121, 44, 1719)
(121, 72, 1227)
(121, 106, 287)
(121, 109, 5209)
(121, 104, 4412)
(121, 91, 7447)
(121, 52, 1644)
(121, 94, 7082)
(121, 10, 2230)
(121, 4, 7040)
(121, 14, 2312)
(121, 88, 1273)
(121, 66, 2732)
(121, 18, 8502)
(121, 65, 8711)
(121, 116, 1496)
(121, 11, 6989)
(121, 38, 4675)
(121, 48, 4451)
(121, 67, 2058)
(121, 76, 6179)
(121, 92, 3174)
(121, 87, 1442)
(121, 73, 3791)
(121, 47, 8535)
(121, 75, 2161)
(121, 41, 1560)
(121, 64, 3764)
(121, 95, 2140)
(121, 34, 1135)
(121, 17, 5498)
(121, 99, 3684)
(121, 98, 1375)
(121, 108, 6548)
(121, 22, 939)
(121, 13, 3772)
(121, 0, 7178)
(121, 53, 6343)
(121, 15, 441)
(121, 59, 2589)
(121, 105, 4367)
(121, 120, 5421)
(121, 5, 383)
(121, 84, 4843)
(121, 71, 1222)
(121, 58, 794)
(121, 86, 3984)
(121, 2, 2570)
(121, 20, 2236)
(121, 12, 1675)
(121, 61, 7102)
(121, 35, 4735)
(121, 70, 883)
(121, 103, 4031)
(121, 51, 6996)
(121, 50, 620)
(121, 60, 5592)
(121, 42, 5396)
(121, 49, 7976)
(121, 93, 1448)
(121, 68, 333)
(121, 45, 955)
(121, 40, 5591)
(122, 47, 8044)
(122, 32, 78)
(122, 50, 7591)
(122, 74, 5791)
(122, 85, 6055)
(122, 91, 4854)
(122, 114, 4580)
(122, 5, 8176)
(122, 2, 4143)
(122, 113, 708)
(122, 37, 2202)
(122, 53, 7767)
(122, 7, 6901)
(122, 41, 932)
(122, 36, 6963)
(122, 58, 1022)
(122, 12, 7876)
(122, 28, 5528)
(122, 77, 3469)
(122, 44, 1173)
(122, 71, 7306)
(122, 13, 1872)
(122, 72, 723)
(122, 109, 4415)
(122, 48, 1726)
(122, 116, 5836)
(122, 83, 7206)
(122, 92, 7325)
(122, 84, 4044)
(122, 73, 6589)
(122, 45, 295)
(122, 121, 1358)
(122, 34, 2829)
(122, 93, 6114)
(122, 57, 6707)
(122, 86, 7596)
(122, 65, 6100)
(122, 42, 3365)
(122, 16, 7952)
(122, 119, 5395)
(122, 11, 5001)
(122, 61, 4658)
(122, 81, 5644)
(122, 21, 640)
(122, 90, 7218)
(122, 35, 600)
(122, 18, 2857)
(122, 43, 2807)
(122, 39, 5155)
(122, 98, 7807)
(122, 27, 8022)
(122, 104, 7846)
(122, 9, 8153)
(122, 15, 3243)
(122, 59, 7642)
(122, 95, 1863)
(122, 99, 416)
(122, 78, 7416)
(122, 31, 1743)
(122, 52, 6606)
(122, 6, 8131)
(122, 8, 7126)
(122, 108, 1391)
(122, 22, 5171)
(122, 10, 795)
(122, 38, 901)
(122, 100, 8487)
(122, 14, 3912)
(122, 64, 1996)
(122, 29, 5005)
(122, 46, 7854)
(122, 24, 353)
(122, 30, 5773)
(122, 94, 2287)
(122, 102, 1033)
(122, 88, 8602)
(122, 54, 1942)
(122, 105, 7117)
(122, 33, 1301)
(122, 79, 1663)
(122, 62, 516)
(122, 40, 4700)
(122, 76, 1249)
(123, 114, 6826)
(123, 26, 1836)
(123, 46, 2549)
(123, 57, 7076)
(123, 2, 7011)
(123, 117, 7301)
(123, 99, 3484)
(123, 111, 7522)
(123, 121, 321)
(123, 66, 663)
(123, 83, 3589)
(123, 60, 839)
(123, 65, 4279)
(123, 79, 4452)
(123, 40, 7839)
(123, 1, 4765)
(123, 24, 7825)
(123, 98, 27)
(123, 59, 4477)
(123, 73, 4092)
(123, 54, 8613)
(123, 22, 3753)
(123, 42, 6392)
(123, 63, 7187)
(123, 33, 6717)
(123, 92, 644)
(123, 34, 5178)
(123, 72, 3542)
(123, 97, 5463)
(123, 113, 886)
(123, 56, 3332)
(123, 3, 832)
(123, 32, 8161)
(123, 119, 5747)
(123, 94, 6182)
(123, 39, 5305)
(123, 25, 1446)
(123, 5, 1084)
(123, 6, 7490)
(123, 28, 7367)
(123, 115, 5068)
(123, 49, 3498)
(123, 70, 4734)
(123, 43, 1761)
(123, 14, 2057)
(123, 84, 3364)
(123, 7, 1221)
(123, 103, 7543)
(123, 19, 5656)
(123, 64, 1919)
(123, 4, 5887)
(123, 109, 2634)
(123, 69, 2447)
(123, 122, 5241)
(123, 62, 1325)
(123, 108, 1281)
(123, 100, 2749)
(123, 93, 3954)
(123, 35, 245)
(123, 96, 6433)
(123, 90, 8126)
(123, 16, 6266)
(123, 17, 1740)
(123, 86, 1656)
(123, 15, 3604)
(123, 104, 3456)
(123, 50, 7520)
(123, 41, 5825)
(123, 47, 6512)
(123, 120, 8530)
(123, 102, 3147)
(123, 67, 874)
(123, 29, 3261)
(123, 8, 7704)
(123, 55, 1098)
(123, 61, 2793)
(123, 53, 6105)
(123, 21, 1622)
(123, 27, 7562)
(123, 81, 6172)
(123, 13, 5135)
(123, 101, 4319)
(123, 85, 4042)
(123, 95, 4254)
(123, 9, 7281)
(123, 76, 4685)
(123, 75, 2624)
(123, 107, 6081)
(123, 20, 2811)
(123, 36, 1200)
(123, 58, 159)
(123, 12, 7747)
(124, 104, 7812)
(124, 86, 4177)
(124, 5, 7748)
(124, 18, 7149)
(124, 121, 3893)
(124, 9, 7401)
(124, 108, 3836)
(124, 50, 488)
(124, 44, 4536)
(124, 117, 4214)
(124, 119, 5523)
(124, 56, 5131)
(124, 98, 6634)
(124, 25, 4622)
(124, 20, 3015)
(124, 29, 6863)
(124, 111, 6163)
(124, 87, 264)
(124, 33, 5816)
(124, 99, 3275)
(124, 82, 6813)
(124, 6, 4967)
(124, 105, 497)
(124, 24, 7656)
(124, 2, 4381)
(124, 48, 7124)
(124, 109, 4021)
(124, 74, 4824)
(124, 102, 178)
(124, 14, 5844)
(124, 90, 6283)
(124, 32, 5793)
(124, 79, 6923)
(124, 93, 5366)
(124, 36, 6994)
(124, 115, 980)
(124, 40, 4530)
(124, 31, 6289)
(124, 97, 8686)
(124, 13, 8321)
(124, 27, 2525)
(124, 43, 7982)
(124, 15, 4027)
(124, 61, 4114)
(124, 23, 82)
(124, 30, 1202)
(124, 95, 3126)
(124, 84, 7304)
(124, 53, 4835)
(124, 46, 3938)
(124, 7, 1846)
(124, 113, 7515)
(124, 65, 7525)
(124, 103, 7441)
(124, 64, 7188)
(124, 91, 2720)
(124, 10, 3561)
(124, 120, 6123)
(124, 28, 2462)
(124, 66, 3955)
(124, 12, 7067)
(124, 118, 1975)
(124, 88, 435)
(124, 19, 5306)
(124, 45, 4914)
(124, 76, 3580)
(124, 42, 5529)
(124, 106, 3115)
(124, 4, 1226)
(124, 114, 3679)
(124, 54, 8704)
(124, 58, 2351)
(124, 38, 4473)
(124, 69, 1206)
(124, 34, 8149)
(124, 72, 256)
(124, 21, 3863)
(124, 96, 6116)
(125, 32, 5453)
(125, 89, 3547)
(125, 106, 2011)
(125, 108, 6292)
(125, 64, 5929)
(125, 77, 7201)
(125, 82, 3286)
(125, 61, 6248)
(125, 37, 642)
(125, 53, 4737)
(125, 122, 6203)
(125, 97, 1555)
(125, 69, 6583)
(125, 72, 5443)
(125, 111, 4856)
(125, 21, 110)
(125, 35, 141)
(125, 33, 3163)
(125, 10, 7059)
(125, 79, 1297)
(125, 22, 3593)
(125, 57, 1793)
(125, 56, 8457)
(125, 65, 8357)
(125, 102, 4533)
(125, 96, 1096)
(125, 81, 2471)
(125, 93, 1884)
(125, 63, 7944)
(125, 1, 5179)
(125, 2, 4753)
(125, 83, 5348)
(125, 120, 998)
(125, 23, 2472)
(125, 31, 6439)
(125, 5, 2064)
(125, 11, 5817)
(125, 40, 7809)
(125, 118, 4962)
(125, 117, 5967)
(125, 29, 2122)
(125, 74, 2911)
(125, 18, 6551)
(125, 115, 5193)
(125, 85, 398)
(125, 91, 2253)
(125, 87, 194)
(125, 104, 233)
(125, 24, 3723)
(125, 13, 4210)
(125, 60, 4919)
(125, 16, 5549)
(125, 92, 3111)
(125, 41, 7479)
(125, 107, 6079)
(125, 49, 5374)
(125, 14, 2521)
(125, 88, 3879)
(125, 66, 2417)
(125, 47, 5274)
(125, 73, 1320)
(125, 39, 2677)
(125, 12, 3270)
(125, 84, 142)
(125, 103, 3292)
(125, 7, 3602)
(125, 52, 4100)
(125, 98, 6295)
(125, 95, 8519)
(125, 86, 2802)
(125, 58, 7603)
(125, 38, 5828)
(125, 15, 2890)
(125, 51, 8339)
(125, 75, 3592)
(125, 8, 672)
(125, 123, 6765)
(125, 100, 4847)
(125, 113, 8430)
(125, 119, 8278)
(125, 45, 5451)
(125, 109, 1917)
(125, 43, 7087)
(125, 114, 8667)
(125, 9, 5021)
(125, 42, 7251)
(125, 34, 173)
(125, 76, 4328)
(126, 8, 5151)
(126, 89, 8290)
(126, 69, 6688)
(126, 100, 2755)
(126, 119, 8240)
(126, 21, 308)
(126, 99, 2886)
(126, 54, 8478)
(126, 105, 1160)
(126, 110, 1000)
(126, 23, 1721)
(126, 34, 6042)
(126, 72, 7544)
(126, 64, 2177)
(126, 86, 6338)
(126, 76, 290)
(126, 87, 3013)
(126, 58, 7714)
(126, 36, 6985)
(126, 26, 2711)
(126, 49, 6320)
(126, 29, 912)
(126, 45, 337)
(126, 74, 3806)
(126, 120, 5181)
(126, 90, 3708)
(126, 42, 7071)
(126, 85, 1679)
(126, 96, 3909)
(126, 51, 8040)
(126, 33, 5245)
(126, 56, 440)
(126, 79, 2387)
(126, 111, 1967)
(126, 27, 1500)
(126, 37, 4820)
(126, 19, 6267)
(126, 70, 3905)
(126, 22, 343)
(126, 4, 7893)
(126, 107, 6000)
(126, 123, 1664)
(126, 112, 285)
(126, 48, 4651)
(126, 24, 456)
(126, 44, 6557)
(126, 117, 2378)
(126, 17, 6408)
(126, 67, 2542)
(126, 68, 7794)
(126, 98, 18)
(126, 50, 3878)
(126, 40, 1852)
(126, 20, 483)
(126, 92, 3350)
(126, 65, 6935)
(126, 13, 6272)
(126, 25, 69)
(126, 108, 3569)
(126, 77, 4892)
(126, 103, 2303)
(126, 114, 721)
(126, 93, 132)
(126, 2, 6590)
(126, 31, 1612)
(126, 95, 2080)
(126, 1, 5777)
(126, 80, 4961)
(126, 12, 4291)
(126, 91, 2016)
(126, 66, 1774)
(126, 94, 1952)
(126, 18, 2979)
(126, 116, 8081)
(126, 73, 4193)
(126, 52, 7757)
(126, 14, 6974)
(126, 16, 2531)
(127, 37, 5939)
(127, 47, 87)
(127, 106, 6188)
(127, 33, 3287)
(127, 107, 425)
(127, 28, 6089)
(127, 69, 8403)
(127, 12, 2614)
(127, 34, 2208)
(127, 6, 4325)
(127, 36, 5723)
(127, 43, 3898)
(127, 66, 5344)
(127, 123, 7728)
(127, 20, 3981)
(127, 52, 6332)
(127, 0, 4842)
(127, 14, 4025)
(127, 48, 31)
(127, 85, 6723)
(127, 39, 4768)
(127, 16, 6991)
(127, 118, 7588)
(127, 101, 202)
(127, 70, 2260)
(127, 13, 5422)
(127, 23, 5466)
(127, 89, 3531)
(127, 26, 2706)
(127, 15, 6017)
(127, 5, 6521)
(127, 108, 1885)
(127, 51, 8254)
(127, 79, 2504)
(127, 31, 4723)
(127, 113, 5392)
(127, 19, 3069)
(127, 10, 2020)
(127, 42, 8386)
(127, 3, 6492)
(127, 2, 3603)
(127, 105, 4732)
(127, 61, 2855)
(127, 81, 427)
(127, 76, 2800)
(127, 121, 1681)
(127, 111, 4516)
(127, 110, 1445)
(128, 16, 6513)
(128, 127, 6367)
(128, 55, 8184)
(128, 79, 5547)
(128, 62, 484)
(128, 18, 3546)
(128, 113, 4933)
(128, 28, 297)
(128, 89, 4164)
(128, 77, 503)
(128, 90, 4336)
(128, 44, 7945)
(128, 53, 4073)
(128, 119, 865)
(128, 125, 7272)
(128, 49, 1668)
(128, 20, 2007)
(128, 111, 5)
(128, 23, 7897)
(128, 40, 1583)
(128, 68, 1106)
(128, 106, 7332)
(128, 109, 7371)
(128, 78, 5455)
(128, 5, 7921)
(128, 88, 4656)
(128, 57, 2552)
(128, 12, 8064)
(128, 97, 7216)
(128, 74, 3667)
(128, 22, 251)
(128, 72, 6293)
(128, 26, 8227)
(128, 27, 5993)
(128, 15, 5102)
(128, 101, 8325)
(128, 117, 5899)
(128, 10, 7275)
(128, 63, 1607)
(128, 71, 8527)
(128, 99, 4949)
(128, 87, 8129)
(128, 110, 7195)
(128, 31, 1444)
(128, 35, 3822)
(128, 1, 8079)
(128, 45, 3128)
(128, 34, 4909)
(128, 38, 112)
(128, 43, 1414)
(128, 4, 4870)
(128, 114, 4864)
(128, 124, 4921)
(128, 9, 6486)
(128, 30, 3059)
(128, 7, 5317)
(128, 104, 1193)
(128, 37, 6282)
(128, 81, 5947)
(128, 17, 4800)
(128, 84, 218)
(128, 100, 1964)
(128, 56, 7164)
(128, 93, 3795)
(128, 25, 6302)
(128, 21, 6251)
(128, 83, 5742)
(128, 73, 6227)
(128, 46, 7368)
(128, 11, 2492)
(128, 8, 5577)
(128, 47, 512)
(128, 14, 2199)
(129, 86, 4295)
(129, 106, 5197)
(129, 12, 2686)
(129, 41, 3268)
(129, 87, 4541)
(129, 45, 1328)
(129, 31, 1092)
(129, 85, 248)
(129, 13, 1603)
(129, 19, 3385)
(129, 63, 5772)
(129, 54, 5121)
(129, 84, 6066)
(129, 39, 7365)
(129, 82, 1298)
(129, 34, 3053)
(129, 97, 3199)
(129, 127, 1796)
(129, 114, 1304)
(129, 88, 2944)
(129, 44, 6668)
(129, 26, 5923)
(129, 126, 3186)
(129, 14, 116)
(129, 49, 8169)
(129, 108, 2463)
(129, 101, 2942)
(129, 68, 5160)
(129, 124, 1372)
(129, 113, 7141)
(129, 94, 4085)
(129, 92, 2791)
(129, 47, 6380)
(130, 89, 5048)
(130, 7, 6851)
(130, 79, 8458)
(130, 34, 4262)
(130, 52, 3008)
(130, 107, 4657)
(130, 46, 6957)
(130, 13, 5752)
(130, 40, 6572)
(130, 124, 7542)
(130, 101, 5285)
(130, 24, 6374)
(130, 38, 833)
(130, 25, 3406)
(130, 35, 2815)
(130, 9, 8556)
(130, 70, 7248)
(130, 128, 5017)
(130, 127, 831)
(130, 3, 5672)
(130, 104, 1063)
(130, 47, 4208)
(130, 103, 6285)
(130, 44, 3842)
(130, 2, 6135)
(130, 118, 691)
(130, 50, 16)
(130, 16, 799)
(130, 23, 4199)
(130, 82, 1905)
(130, 110, 5583)
(130, 59, 7287)
(130, 125, 1491)
(130, 109, 2262)
(130, 26, 4573)
(130, 57, 2152)
(130, 120, 352)
(130, 102, 6414)
(130, 129, 2631)
(130, 19, 5011)
(130, 73, 2482)
(130, 81, 5824)
(130, 80, 4414)
(130, 8, 7212)
(130, 88, 5992)
(130, 0, 5755)
(130, 33, 411)
(130, 111, 6321)
(130, 91, 4743)
(130, 86, 595)
(130, 45, 6949)
(130, 64, 5629)
(130, 66, 750)
(130, 90, 8528)
(130, 63, 3760)
(130, 62, 7312)
(130, 36, 3439)
(131, 73, 6955)
(131, 47, 7449)
(131, 25, 4433)
(131, 112, 540)
(131, 87, 8399)
(131, 45, 3074)
(131, 103, 535)
(131, 100, 6785)
(131, 85, 4754)
(131, 15, 491)
(131, 61, 4187)
(131, 51, 3889)
(131, 89, 5540)
(131, 106, 7882)
(131, 128, 8354)
(131, 12, 2685)
(131, 50, 8573)
(131, 119, 6059)
(131, 97, 4379)
(131, 0, 5761)
(131, 16, 1257)
(131, 36, 3109)
(131, 84, 187)
(131, 7, 7394)
(131, 86, 7556)
(131, 65, 4682)
(131, 108, 6728)
(131, 49, 5919)
(131, 31, 6768)
(131, 33, 2414)
(131, 126, 3168)
(131, 122, 7777)
(131, 67, 238)
(131, 109, 272)
(131, 46, 2004)
(131, 32, 8415)
(131, 130, 1954)
(131, 20, 3366)
(131, 2, 4545)
(131, 6, 1874)
(131, 41, 37)
(131, 82, 533)
(131, 13, 3712)
(131, 74, 1034)
(131, 123, 7601)
(131, 70, 1896)
(131, 52, 2307)
(131, 111, 2012)
(131, 110, 2468)
(131, 118, 5072)
(131, 57, 8627)
(131, 35, 4741)
(131, 58, 6806)
(131, 101, 4990)
(131, 76, 8171)
(131, 29, 3619)
(131, 21, 6853)
(131, 43, 6468)
(131, 80, 7510)
(131, 59, 2185)
(131, 10, 8100)
(131, 17, 3779)
(131, 24, 7343)
(131, 54, 7509)
(131, 53, 542)
(131, 11, 4910)
(131, 117, 1005)
(131, 81, 1264)
(131, 66, 2712)
